276.6924288372984,50.657267808081656,581.2744369374433,66.61973446217945,274.18030293763707,98.59148547630116,578.762311037782,114.55395213039901,0768449359
1617.2804448601573,150.95567904123533,1759.0858387953067,158.3873848277334,1616.1290538228125,172.92552880583594,1757.934447757962,180.35723459233395,0768449359
1351.3224801457056,104.97349765598005,1576.0141254654848,116.74908781064238,1348.8626902022872,151.90908578944504,1573.5543355220664,163.68467594410737,20402892
1595.5284316528057,183.862364098032,1757.3064162830467,192.3407890093889,1594.115360834246,210.82536153640547,1755.893345464487,219.30378644776238,20402892
1499.1451294862145,226.87700187941476,1732.8244406187846,239.1236156402636,1497.575050798926,256.835887922052,1731.2543619314965,269.08250168290084,1991年06月16日
382.63771277277385,226.44292368429774,598.3416922797618,237.7474902327736,381.06763408548545,256.4018097269349,596.7716135924735,267.7063762754108,超艺传媒有限公司
401.30615092793033,271.4816782946008,770.7990787871227,290.84598210448996,399.736072240642,301.440564337238,769.2290000998344,320.8048681471272,019827591679882
366.628536091151,321.7356635020644,780.0611634795445,343.4027493866431,365.37247314132037,345.7027723361742,778.8051005297139,367.3698582207529,甘肃省哈尔滨市江北苗路b座 229-4946839
364.63976975391915,359.6835858227382,849.973723644642,385.11886055680895,363.06969106663075,389.64247186537546,848.4036449573537,415.07774659944613,EBA银行上海分行 179287998599321057
1115.8977174299844,278.89066500942545,1715.0754382827288,310.2922387551917,1114.1706308739672,311.8454396563264,1713.3483517267116,343.24701340209265,*<3<1651>0155>*-2<8><0-0-*/
1114.1706308739672,311.8454396563264,1713.3483517267116,343.24701340209265,1112.44354431795,344.80021430322734,1711.6212651706944,376.2017880489936,/+316-+60829+9965634>+/<0+5
1112.44354431795,344.80021430322734,1711.6212651706944,376.2017880489936,1110.716457761933,377.7549889501282,1709.8941786146775,409.15656269589454,3<//7>62675>275>86399225097
1110.716457761933,377.7549889501282,1709.8941786146775,409.15656269589454,1108.9893712059159,410.7097635970292,1708.1670920586603,442.1113373427955,698<475-81*9191<0-*179>>277
98.39326749884162,433.85096434548944,461.8944181495066,452.901252417921,96.87552476779626,462.8112208533721,460.37667541846116,481.8615089258036,资料标准一切显示经验虽然那个
541.7847809298725,457.08812891735647,611.6888483626926,460.75164585436255,540.2670381988271,486.04838542523913,610.1711056316472,489.7119023622452,是一-
745.5052060198055,467.76466399091703,771.4695739234244,469.12539885323355,743.9874632887602,496.7249204987997,769.9518311923791,498.0856553611162,经
927.255781345138,477.28980802713284,975.1899990133575,479.8019339267941,925.7380386140926,506.25006453501544,973.6722562823121,508.76219043467677,33
1068.0625457455328,484.66917785738787,1146.9542789911443,488.80371840058046,1066.5448030144876,513.6294343652705,1145.4365362600988,517.7639749084631,26.52
1248.8144915361108,494.1419859373607,1404.6006989578243,502.30639511126,1247.2967488050654,523.1022424452434,1403.0829562267788,531.2666516191426,875.16
1429.5664373266886,503.61479401733357,1489.484209411963,506.7549513919102,1428.0486945956432,532.5750505252162,1487.9664666809176,535.7152078997929,5%
1649.2649349726948,515.1287043907812,1744.1347407743792,520.1006202338608,1647.7471922416494,544.0889608986638,1742.616998043334,549.0608767417435,43.76
96.82318881155334,463.8098503881266,460.32433946221823,482.86013846055823,95.30544608050798,492.7701068960093,458.8065967311729,511.82039496844084,提高威望决定一起进入经验他们
540.214702242584,487.0470149599937,610.1187696754043,490.7105318969998,538.6969595115388,516.0072714678763,608.6010269443589,519.6707884048824,阅读!
743.9351273325171,497.72355003355426,769.8994952361361,499.0842848958708,742.4173846014719,526.6838065414369,768.3817525050907,528.0445414037534,要
925.6857026578497,507.24869406977,973.6199203260692,509.76081996943134,924.1679599268043,536.2089505776527,972.1021775950238,538.721076477314,33
1066.4924670582445,514.6280639000252,1145.3842003038558,518.7626044432177,1064.974724327199,543.5883204079078,1143.8664575728105,547.7228609511003,26.52
1247.2444128488223,524.1008719799979,1403.030620270536,532.2652811538971,1245.726670117777,553.0611284878805,1401.5128775394905,561.2255376617799,875.16
1427.9963586394001,533.5736800599708,1487.9141307246746,536.7138374345474,1426.4786159083549,562.5339365678534,1486.3963879936293,565.6740939424301,5%
1647.6948562854066,545.0875904334184,1742.5646620870912,550.059506276498,1646.1771135543613,574.047846941301,1741.0469193560457,579.0197627843808,43.76
95.25311012426505,493.76873643076385,406.8255249676921,510.0975547785623,93.73536739321969,522.7289929386465,405.3077822366467,539.057811286445,业务公司男人内容出现制作
538.6446235552958,517.0059010026309,608.548690988116,520.669417939637,537.1268808242504,545.9661575105135,607.0309482570706,549.6296744475196,等级h
742.3650486452289,527.6824360761915,768.3294165488478,529.043170938508,740.8473059141835,556.6426925840741,766.8116738178024,558.0034274463907,具
912.1320695535064,536.5795486374919,972.0498416387809,539.7197060120685,910.6143268224611,565.5398051453745,970.5320989077355,568.6799625199512,395
1077.9045723227657,545.2673173738206,1143.8141216165675,548.7214904858549,1076.3868295917202,574.2275738817033,1142.2963788855222,577.6817469937375,2.79
1232.6921502097248,553.3793905914769,1401.4605415832475,562.2241671965344,1231.1744074786793,582.3396470993595,1399.9427988522023,591.184423704417,1102.05
1426.426279952112,563.532566102608,1486.3440520373865,566.6727234771846,1424.9085372210666,592.4928226104906,1484.826309306341,595.6329799850672,5%
1659.1069615499277,575.7268439072138,1740.9945833998027,580.0183923191353,1657.5892188188823,604.6871004150966,1739.4768406687574,608.9786488270179,55.10
93.68303143697676,523.7276224734011,249.46923885869035,531.8920316473003,92.16528870593129,552.6878789812837,247.95149612764487,560.8522881551829,比较还有自己
537.0745448680075,546.9647870452682,606.9786123008276,550.6283039822742,535.5568021369621,575.9250435531508,605.4608695697823,579.5885604901569,当前g
740.7949699579406,557.6413221188287,766.7593378615595,559.0020569811452,739.2772272268952,586.6015786267113,765.2415951305142,587.9623134890279,员
910.5619908662181,566.5384346801292,970.4797629514926,569.6785920547057,909.0442481351728,595.4986911880118,968.9620202204471,598.6388485625884,395
1063.352309683668,574.5458359852995,1142.2440429292792,578.680376528492,1061.8345669526225,603.5060924931822,1140.726300198234,607.6406330363748,750.4
1218.1398875706268,582.6579092029558,1399.8904628959592,592.1830532391716,1216.6221448395816,611.6181657108384,1398.372720164914,621.1433097470542,296408.00
1424.8562012648235,593.4914521452451,1484.773973350098,596.6316095198218,1423.338458533778,622.4517086531279,1483.2562306190525,625.5918660277044,5%
1618.590331007211,603.6446276563763,1739.4245047125146,609.9772783617725,1617.0725882761656,632.6048841642589,1737.9067619814691,638.9375348696551,14820.40
1192.6366709783379,763.5711092284012,1363.40232142137,772.5205577459445,1191.0665922910496,793.5299952710384,1361.8322427340818,802.4794437885818,￥299260.37
1538.1624900034203,781.6793500884597,1689.9541792861157,789.6344154373871,1536.5924113161323,811.638236131097,1688.3841005988274,819.5933014800244,￥14963.02
1420.9692218418506,839.6253413010569,1591.7348722848828,848.5747898186003,1419.3991431545624,869.584227343694,1590.1647935975943,878.5336758612375,￥314223.39
578.1258945089903,795.4537942320123,993.555780966893,817.2255520290769,576.555815821702,825.4126802746495,991.9857022796048,847.1844380717141,叁拾壹万肆仟贰佰贰拾叁圆叁角玖分
335.1576409245871,845.8068254232439,550.8616204315751,857.1113919717197,333.5875622372988,875.7657114658812,549.2915417442867,887.070278014357,四通科技有限公司
375.1636510032903,884.9542283713668,734.670283514937,903.7951726188265,373.593572316002,914.913114414004,733.1002048276486,933.7540586614638,03360F862969684245
330.7090846439369,930.6903358773827,779.0937457487405,954.1891802304644,329.1390059566486,960.6492219200198,777.5236670614522,984.1480662731017,福建省峰县西峰六安路R座 861-6205813
328.72031830670494,968.6382581980565,876.9679328869661,997.3706981754326,327.15023961941665,998.5971442406938,875.3978541996778,1027.3295842180698,招商银行龙阳大道支行 387530411379460052
196.49102480143506,1007.7715424851842,250.417019678182,1010.5976841223031,194.92094611414677,1037.7304285278215,248.8469409908937,1040.5565701649402,姜俊
635.8880200934475,1030.7993632320795,689.8140149701945,1033.6255048691983,634.3179414061592,1060.7582492747167,688.2439362829061,1063.5843909118357,王鑫
1030.3466863215042,1051.4720659480422,1084.2726811982511,1054.2982075851612,1028.776607634216,1081.4309519906794,1082.7026025109628,1084.2570936277984,黄建华
285.8337959394797,39.85434338874484,590.0908312687262,61.13006788070311,282.4854851997618,87.73741780121645,586.7425205290082,109.01314229317467,1862482004
1624.4671852763597,163.533965608644,1766.1212804132547,173.43938488030977,1622.932542853989,185.48037471436015,1764.586637990884,195.38579398602593,1862482004
1359.3522269665389,112.91718103690408,1583.8041382749993,128.61238762933226,1356.073672700565,159.80269139911582,1580.5255840090254,175.497897991544,38340176
1602.144184163863,196.05601384259552,1763.7495603059547,207.35656258914378,1600.2607593727716,222.9902431996108,1761.8661355148631,234.29079194615906,38340176
1505.0248526997216,237.3819797231193,1738.4548404605202,253.7049945792446,1502.9321584873978,267.30890123091405,1736.3621462481965,283.6319160870394,1985年08月10日
388.69506118285824,217.46222641348936,658.0373547530107,236.29647432440322,386.6023669705345,247.38914792128412,655.944660540687,266.223395832198,东方峻景信息有限公司
406.57462139357307,262.8199305735483,775.673319989708,288.62982585887465,404.4819271812493,292.74685208134304,773.5806257773843,318.5567473666694,586481821308946
371.0252351505642,312.46105402724714,784.0167519581314,341.340234157315,369.35107978070516,336.4025912334829,782.3425965882724,365.2817713635508,四川省辽阳县沈河上海路k座 006-6896984
368.37448914828735,350.36848793712045,785.356262156894,379.5266939621648,366.2817949359636,380.2954094449152,783.2635679445701,409.4536154699596,招商银行上海分行 741069026307921
1120.9280474914112,282.699131319059,1719.466477647306,324.5530155655342,1118.626083857855,315.6187449776332,1717.1645140137498,357.4726292241084,-<2070//4<>2*8*<*405>46<23/
1118.626083857855,315.6187449776332,1717.1645140137498,357.4726292241084,1116.3241202242991,348.5383586362074,1714.8625503801936,390.3922428826826,77<775>7447>093-2750059*<65
1116.3241202242991,348.5383586362074,1714.8625503801936,390.3922428826826,1114.022156590743,381.4579722947816,1712.5605867466375,423.3118565412568,<6>>5<*-29*>5<10-2*--261168
1114.022156590743,381.4579722947816,1712.5605867466375,423.3118565412568,1111.7201929571868,414.37758595335583,1710.2586231130813,456.231470199831,4+6-6172<47-856751*/00>1*55
100.87413829073046,419.8779282390242,463.98745258530647,445.2692846818858,98.85120055215089,448.80728569655906,461.96451484672684,474.19864213942066,这里新闻表示您的作品业务虽然
543.7925766060923,450.8498025814158,613.6220601242801,455.7327557435046,541.7696388675128,479.7791600389507,611.5991223857004,484.66211320103946,包括+
747.2956428590965,465.08012322521733,773.2323081658519,466.8937915425646,745.2727051205169,494.00948068275227,771.2093704272723,495.82314900009953,言
916.8815314032666,476.9387237617187,976.735374418856,481.1241121863662,914.858593664687,505.86808121925355,974.7124366802765,510.05346964390105,244
1069.5088310930198,487.61146424456985,1148.3163910635458,493.12222567035576,1067.4858933544401,516.5408217021047,1146.2934533249663,522.0515831278906,62.14
1224.1312588832925,498.42371767490926,1405.6879160305805,511.11939589634005,1222.1083211447128,527.3530751324441,1403.6649782920008,540.048753353875,15162.16
1430.6270172870761,512.8633077399431,1490.4808603026654,517.0486961645908,1428.6040795484964,541.7926651974781,1488.457922564086,545.9780536221256,1%
1637.1227756908597,527.3028978049771,1744.8596931189209,534.8365969693426,1635.0998379522803,556.232255262512,1742.8367553803412,563.7659544268776,151.62
98.78144407840671,449.8048497468189,358.14809714596095,467.9415329202915,96.75850633982702,478.73420720435377,356.12515940738126,496.87089037782636,知道发现发表发现密码
541.6998823937686,480.7767240892105,611.5293659119563,485.6596772512993,539.676944655189,509.7060815467454,609.5064281733767,514.5890347088342,电子h
745.2029486467727,495.0070447330121,771.1396139535282,496.82071305035936,743.1800109081931,523.936402190547,769.1166762149486,525.7500705078942,文
938.7303743971787,508.5398006393724,974.6426802065323,511.0510336941609,936.707436658599,537.4691580969073,972.6197424679527,539.9803911516958,2
1080.3844695340738,518.4452199110382,1146.223696851222,523.0491471781504,1078.361531795494,547.3745773685731,1144.2007591126426,551.9785046356853,0.04
1273.9118952844797,531.9779758173985,1403.5952218182567,541.0463174041348,1271.8889575459,560.9073332749334,1401.572284079677,569.9756748616696,0.08
1428.5343230747524,542.7902292477379,1488.3881660903417,546.9756176723854,1426.5113853361727,571.7195867052728,1486.3652283517622,575.9049751299203,1%
1673.9350794386692,559.9503217887927,1742.766998906597,564.7635184771374,1671.9121417000893,588.8796792463277,1740.7440611680172,593.6928759346723,0.00
96.68874986608296,479.7317712546136,356.0554029336372,497.8684544280862,94.66581212750327,508.6611287121485,354.0324651950575,526.7978118856211,联系历史大学政府留言
539.6071881814448,510.7036455970052,609.4366716996326,515.586598759094,537.5842504428653,539.6330030545402,607.4137339610529,544.5159562166289,所有h
743.110254434449,524.9339662408069,769.0469197412044,526.747634558154,741.0873166958694,553.8633236983417,767.0239820026247,555.6769920156889,入
912.6961429786192,536.7925667773081,972.5499859942086,540.9779552019556,910.6732052400395,565.721924234843,970.527048255629,569.9073126594906,244
1065.3234426683723,547.4653072601593,1144.1310026388983,552.9760686859452,1063.3005049297926,576.3946647176941,1142.1080649003188,581.9054261434801,62.14
1219.945870458645,558.2775606904987,1401.502527605933,570.9732389119295,1217.9229327200653,587.2069181480337,1399.4795898673533,599.9025963694644,15162.16
1426.4416288624286,572.7171507555327,1486.295471878018,576.9025391801802,1424.418691123849,601.6465082130676,1484.2725341394384,605.8318966377151,1%
1632.9373872662122,587.1567408205666,1740.6743046942734,594.6904399849321,1630.9144495276325,616.0860982781014,1738.6513669556934,623.619797442467,151.62
94.59605565375921,509.65869276240835,457.7093699483352,535.0500492052699,92.57311791517952,538.5880502199433,455.6864322097556,563.9794066628049,能够空间自己因此开发规定然后
537.5144939691211,540.6305671048,607.3439774873088,545.5135202668887,535.4915562305415,569.5599245623349,605.3210397487292,574.4428777244236,开始#
741.0175602221252,554.8608877486015,766.9542255288807,556.6745560659488,738.9946224835456,583.7902452061364,764.931287790301,585.6039135234837,登
910.6034487662954,566.7194882851028,970.4572917818848,570.9048767097504,908.5805110277157,595.6488457426377,968.4343540433052,599.8342341672852,244
1063.2307484560486,577.392228767954,1142.0383084265745,582.9029901937399,1061.2078107174689,606.3215862254889,1140.015370687995,611.8323476512749,62.14
1217.8531762463213,588.2044821982935,1399.4098333936092,600.9001604197242,1215.8302385077416,617.1338396558283,1397.3868956550295,629.8295178772591,15162.16
1424.3489346501049,602.6440722633274,1484.2027776656942,606.8294606879749,1422.3259969115252,631.5734297208622,1482.1798399271147,635.7588181455097,1%
1630.8446930538885,617.0836623283612,1738.5816104819496,624.6173614927268,1628.8217553153088,646.0130197858962,1736.5586727433697,653.5467189502617,151.62
1189.1964732207332,768.6450357656754,1340.8262088602264,779.2480197747825,1187.1037790084094,798.5719572734702,1338.7335146479027,809.1749412825773,￥45486.56
1534.3536346106325,792.7807756811428,1648.0759363402524,800.7330136879731,1532.2609403983088,822.7076971889376,1645.9832421279286,830.6599351957677,￥454.87
1416.1669185613885,848.6726368909412,1567.7966542008817,859.2756209000484,1414.0742243490647,878.599558398736,1565.703959988558,889.2025424078431,￥45941.43
574.2228601420968,789.7981730508995,937.3361744366728,815.1895294937611,572.130165929773,819.7250945586942,935.243480224349,845.1164510015558,肆万伍仟玖佰肆拾壹圆肆角叁分
330.41283023385904,835.9031545186783,545.8866650899811,850.9705528474094,328.3201360215353,865.8300760264731,543.7939708776573,880.8974743552042,时刻网络有限公司
369.72953081623905,875.7427962755451,728.8525889097758,900.8551268234302,367.6368366039153,905.6697177833398,726.7598946974521,930.7820483312249,1038592W8159790345
324.48352996560845,920.6960987907634,772.3897885322696,952.0167555018757,322.3908357532846,950.6230202985581,770.2970943199457,981.9436770096704,湖南省沈阳县清河林街M座 910-3216557
321.8327839633316,958.6035327006367,869.4954475559751,996.8998367861616,319.7400897510079,988.5304542084314,867.4027533436514,1026.8267582939561,招商银行龙阳大道支行 927872750584771365
188.94065963732487,995.4231374258524,269.7433477083706,1001.0734117991265,186.84796542500112,1025.350058933647,267.65065349604674,1031.0003333069212,邹秀珍
627.8688417516474,1026.1159858732676,681.7373004656779,1029.8828354554503,625.7761475393237,1056.0429073810622,679.6446062533541,1059.809756963245,胡旭
1021.906641604278,1053.669793002197,1075.7751003183084,1057.4366425843798,1019.8139473919542,1083.5967145099917,1073.6824061059847,1087.3635640921743,唐萍
