258.7030345219265,72.73102210366483,563.6565815446259,78.05400606703631,257.8653190129369,120.72371147117161,562.8188660356361,126.0466954345431,3291337580
1601.9747646189978,126.18248721006563,1743.9531373312054,128.66072892415986,1601.5908116773776,148.17913650350624,1743.5691843895852,150.65737821760047,3291337580
1334.574059323078,89.5101160398691,1559.539790733266,93.43690748825787,1333.7537962205256,136.50295771221948,1558.7195276307139,140.42974916060825,13147636
1581.3844288970022,159.82826071663726,1743.3597555123379,162.65555055947715,1580.9132139231956,186.82414848585984,1742.888540538531,189.65143832869973,13147636
1486.5610300433118,206.18042387903938,1720.5253907099075,210.2642869853637,1486.0374578501933,236.17585473373111,1720.001818516789,240.25971784005543,2009年05月07日
370.7186103705733,244.71215702053894,613.6816002935764,248.9530917847988,370.19503817745476,274.70758787523073,613.1580281004578,278.9485226394906,毕博诚科技有限公司
390.94750608561696,289.0719561426031,760.8911532934817,295.52934652439797,390.42393389249844,319.0673869972949,760.3675811003633,325.52477737908976,505507159898298
358.0448547058737,340.5055592847424,813.9754036971881,348.4638566201437,357.62599695137897,364.50190396849575,813.5565459426933,372.46020130389707,宁夏回族自治区勇县魏都汪路q座 950-7012529
357.3816632612569,378.49977170068524,817.3116030331969,386.52787866183564,356.8580910681385,408.495202555377,816.7880308400784,416.52330951652743,汉口银行上海分行 546695218725006640
1105.3623326203988,271.5375434841318,1705.2709497142337,282.0089873465019,1104.7864032079685,304.53251742429273,1704.6950203018032,315.00396128666284,5/<<0-*018091->05>9729+2931
1104.7864032079685,304.53251742429273,1704.6950203018032,315.00396128666284,1104.210473795538,337.5274913644536,1704.119090889373,347.99893522682373,36<4/8>0*615/*7536*16440>7/
1104.210473795538,337.5274913644536,1704.119090889373,347.99893522682373,1103.6345443831078,370.52246530461457,1703.5431614769427,380.9939091669846,77-261+/*8</<+</*-/73>37404
1103.6345443831078,370.52246530461457,1703.5431614769427,380.9939091669846,1103.0586149706774,403.51743924477546,1702.9672320645122,413.98888310714557,/1-7879>+-34-1351<3+/8910><
93.88575536380142,461.9138383878794,405.83823625259555,467.3589891963119,93.37963557712021,490.90942154741475,405.33211646591434,496.3545723558472,回复经济必须本站中国事情
537.8181320132392,469.6627068460333,607.8074706741866,470.88437529664316,537.312012226558,498.65829000556863,607.3013508875054,499.8799584561785,经验+
741.787061825143,473.2229977592391,767.7831018992092,473.6767603266085,741.2809420384618,502.2185809187745,767.276982112528,502.67234348614386,的
923.7593423436062,476.3993357308247,971.752031711113,477.2370512398143,923.253222556925,505.39491889036003,971.2459119244318,506.23263439934965,28
1051.7398473236244,478.63324375479704,1143.7258352780123,480.23886514702707,1051.2337275369432,507.62882691433236,1143.219715491331,509.2344483065624,381.82
1219.714260109898,481.56524803626064,1401.6865406283614,484.74158600784625,1219.2081403232169,510.56083119579597,1401.1804208416802,513.7371691673816,10690.96
1426.682733007271,485.1778961687783,1486.6735947166544,486.2250405550153,1426.1766132205898,514.1734793283136,1486.1674749299732,515.2206237145507,11%
1620.6531858676108,488.56366301761136,1741.6347569815343,490.67540419652266,1620.1470660809296,517.5592461771466,1741.1286371948531,519.6709873560579,1176.01
93.36218317068301,491.90926924257116,353.32258391134474,496.44689491626485,92.8560633840018,520.9048524021065,352.8164641246635,525.4424780758002,个人以后社区软件合作
537.2945598201206,499.65813770072504,607.283898481068,500.87980615133483,536.7884400334394,528.6537208602604,606.7777786943868,529.8753893108702,投资+
741.2634896320245,503.2184286139309,767.2595297060907,503.6721911813002,740.7573698453433,532.2140117734662,766.7534099194095,532.6677743408355,到
911.2375978086111,506.18533770826906,971.2284595179945,507.23248209450605,910.7314780219298,535.1809208678044,970.7223397313132,536.2280652540414,976
1064.214295167539,508.85555589317346,1143.2022630848937,510.2342960017188,1063.7081753808577,537.8511390527087,1142.6961432982125,539.2298791612542,77.44
1219.1906879167796,511.5606788909524,1401.1629684352429,514.737016862538,1218.6845681300983,540.5562620504877,1400.6568486485617,543.7326000220734,75581.44
1426.1591608141525,515.17332702347,1486.150022523536,516.2204714097071,1425.6530410274713,544.1689101830054,1485.643902736855,545.2160545692424,11%
1620.1296136744925,518.559093872303,1741.1111847884158,520.6708350512143,1619.6234938878113,547.5546770318384,1740.6050650017346,549.6664182107497,8313.96
92.83861097756449,521.9047000972629,404.79109186635856,527.3498509056953,92.33249119088327,550.9002832567983,404.2849720796773,556.3454340652307,决定空间都是精华精华看到
536.7709876270022,529.6535685554168,606.7603262879496,530.8752370060266,536.2648678403209,558.6491517149522,606.2542065012683,559.870820165562,专业!
740.739917438906,533.2138594686226,766.7359575129722,533.6676220359919,740.2337976522248,562.209442628158,766.229837726291,562.6632051955273,方
910.7140256154926,536.1807685629608,970.704887324876,537.2279129491978,910.2079058288114,565.1763517224962,970.1987675381948,566.2234961087331,976
1050.6927029373874,538.6241054641805,1142.6786908917752,540.2297268564106,1050.1865831507062,567.6196886237158,1142.172571105094,569.2253100159459,381.82
1205.669095686628,541.3292284619595,1400.6393962421243,544.7324477172297,1205.1629758999468,570.3248116214947,1400.1332764554431,573.728030876765,372656.32
1425.635588621034,545.1687578781618,1485.6264503304176,546.2159022643988,1425.1294688343528,574.1643410376971,1485.1203305437364,575.2114854239342,11%
1619.606041481374,548.5545247269948,1740.5876125952973,550.6662659059061,1619.0999216946927,577.5501078865301,1740.081492808616,579.6618490654414,40992.20
92.31503878444596,551.9001309519546,300.28335937697534,555.5302314909096,91.80891899776475,580.89571411149,299.77723959029413,584.5258146504449,发生状态是否男人
536.2474154338837,559.6489994101084,606.2367540948311,560.8706678607183,535.7412956472025,588.6445825696438,605.7306343081499,589.8662510202537,之后~
740.2163452457876,563.2092903233143,766.2123853198536,563.6630528906837,739.7102254591064,592.2048734828497,765.7062655331724,592.658636050219,么
898.1922810804973,565.9667705404052,970.1813151317575,567.2233438038895,897.6861612938161,594.9623536999404,969.6751953450763,596.2189269634249,1075
1050.1691307442688,568.6195363188722,1142.1551186986567,570.2251577111023,1049.6630109575876,597.6151194784076,1141.6489989119755,599.2207408706377,381.82
1218.1435435305425,571.5515406003359,1400.1158240490058,574.7278785719215,1217.6374237438613,600.5471237598712,1399.6097042623246,603.7234617314568,410456.50
1425.1120164279155,575.1641887328535,1485.102878137299,576.2113331190906,1424.6058966412343,604.1597718923889,1484.5967583506178,605.2069162786258,11%
1606.0844492512224,578.3230742980019,1740.0640404021788,580.6616967605978,1605.5783294645412,607.3186574575373,1739.5579206154976,609.6572799201332,45150.22
1198.9696424364547,753.2445826158025,1369.9435983081976,756.228944116578,1198.4460702433362,783.2400134704942,1369.420026115079,786.2243749712698,￥869385.22
1544.916944960566,759.2831152431027,1696.8937946243377,761.9358810215697,1544.3933727674475,789.2785460977943,1696.3702224312192,791.9313118762615,￥95632.37
1429.8173537007513,821.2837933992614,1600.7913095724944,824.2681549000368,1429.2937815076327,851.2792242539531,1600.2677373793758,854.2635857547286,￥965017.59
585.9458989887571,806.5539623661941,1001.8825401738159,813.814163444104,585.4223267956386,836.5493932208858,1001.3589679806973,843.8095942987957,玖拾陆万伍仟零佰壹拾柒圆伍角玖分
344.88295054567425,865.3557896160987,614.8418282379,870.0679393541652,344.3593783525557,895.3512204707904,614.3182560447815,900.0633702088569,信诚致远传媒有限公司
386.2308147040633,903.0831554072511,746.1759849603641,909.3660217246731,385.70724251094475,933.0785862619427,745.6524127672456,939.3614525793648,U455960316647U1089
343.39949599850513,950.342843704392,819.3269988929475,958.6501891685389,342.8759238053867,980.3382745590836,818.803426699829,988.6456200232305,安徽省汕尾县滨城荆门街T座 166-0233222
342.73630455388843,988.3370561203349,795.6673104597337,996.2429962364242,342.2127323607699,1018.3324869750265,795.1437382666152,1026.238427091116,招商银行上海分行 645603254118984
211.95329348744247,1032.061237260682,265.9450690258876,1033.0036672082952,211.42972129432394,1062.0566681153737,265.4214968327691,1062.9990980629868,叶波
651.8862793562547,1039.7402960930867,705.8780548946999,1040.6827260407,651.3627071631362,1069.7357269477784,705.3544827015813,1070.6781568953916,任萍
1046.8261189430293,1046.6339966358137,1100.8178944814745,1047.5764265834268,1046.3025467499108,1076.6294274905053,1100.294322288356,1077.5718574381187,舒博
241.49496177476487,95.41915047213342,546.4485087974642,90.09616650876194,242.3326772837545,143.4118398396402,547.286224306454,138.08885587626872,6085956569
1585.8138362580733,101.95854707511609,1727.7922089702809,99.48030536102186,1586.1977891996935,123.9551963685567,1728.176161911901,121.47695465446247,6085956569
1317.2961769501674,74.64066575530353,1542.2619083603554,70.71387430691476,1318.1164400527196,121.63350742765391,1543.0821714629078,117.70671597926514,80410701
1566.4102641738132,136.30241683917905,1728.3855907891484,133.47512699633916,1566.8814791476198,163.29830460840162,1728.8568057629552,160.47101476556173,80410701
1473.2622963381018,185.9356324117905,1707.2266570046975,181.85176930546618,1473.7858685312203,215.93106326648223,1707.750229197816,211.8472001601579,2001年07月25日
359.44435581208813,263.38623190843225,629.4032335043137,258.67408217036575,359.96792800520666,293.38166276312404,629.9268056974322,288.66951302505754,网新恒天科技有限公司
381.20906329361276,307.01302996013055,751.1527105014775,300.5556395783357,381.7326354867313,337.00846081482234,751.676282694596,330.5510704330274,008286485433434
350.12146218334703,359.563587114256,743.0616063798088,352.70479138440356,350.5403199378418,383.5599317980094,743.4804641343036,376.701136068157,青海省玉兰县华龙阎路R座 350-1704182
350.78465362796385,397.55779953019885,846.7091104255338,388.9014059373062,351.30822582108226,427.5532303848906,847.2326826186523,418.89683679199794,汉口银行北京东三环支行 260521442678936
1094.5767454421577,264.5565809092184,1694.4853625359924,254.08513704684827,1095.152674854588,297.55155484937933,1695.0612919484229,287.0801109870092,2>785*>-474/8/<7<9-+/+*/*3-
1095.152674854588,297.55155484937933,1695.0612919484229,287.0801109870092,1095.7286042670185,330.5465287895402,1695.6372213608531,320.0750849271701,4>8943<-786>42662>>1-4+*5<>
1095.7286042670185,330.5465287895402,1695.6372213608531,320.0750849271701,1096.3045336794487,363.54150272970116,1696.2131507732834,353.070058867331,3713-+>7678891-0-24*2>515<2
1096.3045336794487,363.54150272970116,1696.2131507732834,353.070058867331,1096.8804630918792,396.53647666986205,1696.7890801857138,386.06503280749195,+-+*5/8>5<<5/9*>*/09>7754->
90.36036926347026,490.11692719052957,402.3128501522643,484.6717763820971,90.86648905015147,519.1125103500649,402.8189699389455,513.6673595416324,然后一定决定出来内容点击
534.292745912908,482.3680587323757,604.2820845738554,481.14639028176583,534.7988656995892,511.363641891911,604.7882043605366,510.14197344130116,是否~
738.2616757248118,478.80776781916984,764.2577157988779,478.35400525180046,738.767795511493,507.80335097870517,764.7638355855591,507.34958841133584,这
908.2357839013982,475.84085872483166,968.2266456107817,474.79371433859467,908.7419036880794,504.836441884367,968.732765397463,503.78929749813,497
1087.2085213343923,472.7168779725579,1140.200449177681,471.79190043138186,1087.7146411210736,501.71246113209327,1140.7065689643623,500.7874835909172,5.6
1242.184914083633,470.01175497477897,1398.16115452803,467.28917957056274,1242.6910338703142,499.0073381343143,1398.6672743147112,496.28476273009807,2783.20
1423.15734690694,466.85286940963067,1483.1482086163232,465.8057250233936,1423.663466693621,495.848452569166,1483.6543284030045,494.80130818292895,11%
1630.1258198043129,463.24022127711294,1738.1093708812032,461.3553613818863,1630.631939590994,492.2358044366483,1738.6154906678844,490.35094454142165,306.15
90.88394145658867,520.1123580452213,402.8364223453828,514.6672072367888,91.39006124326988,549.1079412047567,403.342542132064,543.6627903963242,参加管理或者技术显示深圳
534.8163181060265,512.3634895870674,604.8056567669739,511.14182113645757,535.3224378927077,541.3590727466028,605.3117765536551,540.137404295993,公司#
738.7852479179303,508.8031986738616,764.7812879919965,508.3494361064922,739.2913677046115,537.7987818333969,765.2874077786777,537.3450192660275,接
896.7611837526401,506.04571845677077,968.7502178039002,504.78914519328634,897.2673035393213,535.0413016163061,969.2563375905814,533.7847283528217,1399
1087.7320935275109,502.7123088272496,1140.7240213707996,501.7873312860736,1088.238213314192,531.707891986785,1141.2301411574808,530.782914445609,5.6
1242.7084862767515,500.0071858294707,1398.6847267211485,497.28461042525447,1243.2146060634327,529.0027689890061,1399.1908465078297,526.2801935847898,7834.40
1423.6809191000584,496.84830026432235,1483.6717808094418,495.80115587808535,1424.1870388867396,525.8438834238577,1484.177900596123,524.7967390376207,11%
1630.6493919974314,493.23565213180467,1738.6329430743215,491.35079223657806,1631.1555117841126,522.23123529134,1739.1390628610027,520.3463753961134,861.78
91.4075136497072,550.1077888999131,403.35999453850127,544.6626380914806,91.91363343638841,579.1033720594484,403.86611432518254,573.6582212510159,开始特别他的音乐网上标题
535.3398902991449,542.3589204417592,605.3292289600923,541.1372519911494,535.8460100858263,571.3545036012945,605.8353487467737,570.1328351506846,次数!
739.3088201110488,538.7986295285533,765.304860185115,538.3448669611839,739.81493989773,567.7942126880887,765.8109799717962,567.3404501207193,上
933.2792729713887,535.4128626797203,969.2737899970188,534.7845760479781,933.7853927580699,564.4084458392557,969.7799097837,563.7801592075134,1
1062.259625646563,533.1615022493107,1141.2475935639181,531.7827621407654,1062.7657454332443,562.1570854088461,1141.7537133505994,560.7783453003007,94.25
1256.230078506903,529.7757354004777,1399.208298914267,527.2800412799462,1256.7361982935843,558.7713185600131,1399.7144187009483,556.2756244394816,94.25
1424.204491293177,526.8437311190141,1484.1953530025603,525.7965867327771,1424.7106110798582,555.8393142785494,1484.7014727892415,554.7921698923125,11%
1644.1709842275827,523.0042017028118,1739.15651526744,521.3462230912698,1644.677104014264,551.999784862347,1739.6626350541212,550.3418062508051,10.37
91.93108584282572,580.1032197546048,403.8835667316198,574.6580689461723,92.43720562950693,609.0988029141402,404.389686518301,603.6536521057077,继续成功解决标题下载必须
535.8634624922635,572.3543512964509,605.8528011532109,571.132682845841,536.3695822789447,601.3499344559863,606.3589209398921,600.1282660053764,支持~
739.8323923041673,568.7940603832451,765.8284323782334,568.3402978158757,740.3385120908486,597.7896435427804,766.3345521649146,597.335880975411,技
909.8065004807538,565.8271512889069,969.7973621901373,564.7800069026698,910.312620267435,594.8227344484422,970.3034819768185,593.7755900622052,497
1062.7831978396816,563.1569331040025,1141.7711657570367,561.7781929954571,1063.2893176263628,592.1525162635378,1142.2772855437179,590.7737761549924,94.25
1217.7595905889223,560.4518101062235,1399.7318711073856,557.275472134638,1218.2657103756035,589.4473932657589,1400.2379908940668,586.2710552941733,46842.25
1424.7280634862955,556.8391619737058,1484.7189251956788,555.7920175874689,1425.2341832729767,585.8347451332412,1485.22504498236,584.7876007470041,11%
1618.6985163466352,553.4533951248728,1739.6800874605585,551.3416539459615,1619.2046361333164,582.4489782844082,1740.1862072472397,580.3372371054969,5152.65
1204.9383654380056,742.7033291276832,1356.915215101777,740.0505633492162,1205.461937631124,772.698759982375,1357.4387872948955,770.0459942039079,￥57554.10
1550.885667962117,736.6647965003832,1683.8654114179171,734.3436264442245,1551.4092401552355,766.6602273550749,1684.3889836110357,764.3390572989163,￥6330.95
1438.0199847262745,802.6446233242425,1589.996834390046,799.9918575457755,1438.543556919393,832.6400541789343,1590.5204065831645,829.9872884004672,￥63885.05
594.1485300142804,817.3744543573098,958.0930910512068,811.0217784141387,594.6721022073989,847.3698852120016,958.6166632443253,841.0172092688304,陆万叁仟捌佰捌拾伍圆零角伍分
355.28458478229527,884.5534366971106,571.2516869360759,880.7837169066572,355.8081569754138,914.5488675518022,571.7752591291943,910.779147761349,联软科技有限公司
397.9239270170432,920.8148003475311,757.8690972733441,914.531934030109,398.4474992101617,950.8102312022229,758.3926694664626,944.5273648848008,3581L1LL023L289618
356.7680393294644,969.5404907854038,832.6955422239066,961.2331453212569,357.2916115225828,999.5359216400955,833.2191144170251,991.2285761759485,山东省天津县涪城海门路O座 704-5768228
357.4312307740811,1007.5347032013467,810.3622366799264,999.6287630852572,357.9548029671996,1037.5301340560384,810.8858088730449,1029.624193939949,招商银行城北支行 900249027831795
228.25384109986533,1055.7965100153874,282.2456166383105,1054.8540800677742,228.77741329298385,1085.791940870079,282.769188831429,1084.849510922466,贺敏
668.1868269686775,1048.1174511829827,749.1744902763452,1046.7038062615627,668.710399161796,1078.1128820376744,749.6980624694637,1076.6992371162546,田秀芳
1063.1266665554522,1041.2237506402557,1144.1143298631198,1039.8101057188358,1063.6502387485705,1071.2191814949474,1144.6379020562383,1069.8055365735277,袁玲
