305.09330040157556,18.757204459466493,608.4224784888988,50.63838575610089,300.0759341647282,66.49425543714364,603.4051122520515,98.37543673377792,4096615250
1638.5948738785053,189.07911595224095,1779.8169830208,203.92215773624775,1636.295247686617,210.958597650343,1777.5173568289117,225.8016394343498,4096615250
1375.4079167443729,129.24078714472512,1599.1753432022342,152.75969137994713,1370.4950789707932,175.98331622703392,1594.2625054286545,199.502220462256,71989620
1615.1504682200396,220.80229112940924,1776.2630152696997,237.73590217876904,1612.3281997118129,247.65438230435257,1773.4407467614733,264.5879933537125,71989620
1516.6480438185745,258.7136665599269,1749.3661673347506,283.17332696455776,1513.5121899205449,288.5493234209751,1746.2303134367207,313.00898382560604,1988年05月29日
401.69347961342584,199.84669994785315,670.2143913628597,228.06938503011958,398.5576257153962,229.68235680890132,667.0785374648301,257.90504189116774,凌颖信息传媒有限公司
417.9791870323828,245.80076107267791,785.9522883186439,284.47629248170966,414.8433331343532,275.6364179337261,782.8164344206143,314.3119493427578,966327055950712
380.7190062906801,294.17098880726314,834.2209905786127,341.83596805731315,378.2103231722565,318.03951429610174,831.7123074601891,365.70449354615175,内蒙古自治区贵阳市闵行马街P座 527-0584052
376.74692468650926,331.96282083125755,818.3146462300226,378.3734585220957,373.61107078847965,361.79847769230577,815.178792331993,408.20911538314385,EBA银行城北支行 602723078362645
1131.2036742233595,290.59842698473426,1727.9168114443237,353.3155049453263,1127.754234935527,323.41764953188726,1724.467372156491,386.1347274924793,3--36>845<*9-6-617-2054/947
1127.754234935527,323.41764953188726,1724.467372156491,386.1347274924793,1124.3047956476944,356.23687207904027,1721.0179328686586,418.95395003963233,9+12++7-/<+59<78*8>2+2*207>
1124.3047956476944,356.23687207904027,1721.0179328686586,418.95395003963233,1120.8553563598618,389.0560946261933,1717.5684935808258,451.7731725867854,1>138*4/05+202299352143<857
1120.8553563598618,389.0560946261933,1717.5684935808258,451.7731725867854,1117.4059170720293,421.87531717334633,1714.1190542929935,484.5923951339384,25803+403<>91*+10<4-689+963
106.98368333246822,392.0942902475404,468.98965324651965,430.1426508769663,103.95235789770629,420.93542521322036,465.95832781175767,458.98378584264617,他们同时以上研究增加由于论坛
548.5514048759815,438.50492793837856,618.1679375517606,445.8219203671143,545.5200794412195,467.3460629040585,615.1366121169987,474.6630553327942,这些/
751.4338715311093,459.82873444497983,777.2914408106843,462.5464744899389,748.4025460963474,488.66986941065977,774.2601153759224,491.38760945561876,现
920.5025937437157,477.5985732004809,980.1739074658121,483.87028099654015,917.4712683089538,506.43970816616087,977.1425820310502,512.71141596222,499
1098.5220130146367,496.3091681253909,1151.231673469155,501.84917667857655,1095.4906875798747,525.1503030910708,1148.2003480343933,530.6903116442564,2.3
1252.672906796719,512.5110799318772,1407.8183224741697,528.8175202016312,1249.641581361957,541.3522148975571,1404.7869970394077,557.658655167311,1147.70
1432.6813698583765,531.4307317833225,1492.3526835804728,537.7024395793817,1429.6500444236144,560.2718667490024,1489.321358145711,566.5435745450616,2%
1651.4761868393966,554.4269937022062,1745.9557668993825,564.3571977126333,1648.4448614046346,583.2681286678861,1742.9244414646205,593.1983326783132,22.95
103.84782943443861,421.92994710858864,310.7083836710394,443.67186746826053,100.81650399967668,450.7710820742685,307.6770582362775,472.5130024339404,成功可是选择历史
545.4155509779519,468.3405847994267,615.032083653731,475.6575772281625,542.3842255431899,497.18171976510666,612.000758218969,504.4987121938424,程序*
748.2980176330797,489.66439130602805,774.1555869126548,492.38213135098704,745.2666921983177,518.5055262717079,771.1242614778928,521.2232663166669,料
905.4324771012668,506.1798885023173,977.0380535677825,513.7059378575883,902.4011516665049,535.0210234679972,974.0067281330206,542.5470728232683,1124
1069.5285898370319,523.4270849414801,1148.0958195711255,531.6848335396247,1066.49726440227,552.2682199071601,1145.0644941363635,560.5259685053046,29.69
1223.6794836191143,539.6289967479664,1404.68246857614,558.6531770626793,1220.6481581843523,568.4701317136463,1401.651143141378,587.4943120283592,33371.56
1429.5455159603468,561.2663886443706,1489.2168296824434,567.5380964404299,1426.514190525585,590.1075236100506,1486.1855042476814,596.3792314061097,2%
1635.4115483015794,582.903780540775,1742.819913001353,594.1928545736815,1632.3802228668176,611.7449155064548,1739.788587566591,623.0339895393614,667.43
100.711975536409,451.7656039696368,462.71794545046043,489.8139645990627,97.68065010164707,480.60673893531674,459.6866200156985,518.6550995647426,详细市场有关不是品牌时间工程
542.2796970799222,498.17624166047494,611.8962297557014,505.49323408921066,539.2483716451604,527.0173766261548,608.8649043209396,534.3343690548907,操作h
745.1621637350501,519.5000481670762,771.0197330146252,522.2177882120352,742.1308383002881,548.3411831327562,767.9884075798632,551.0589231777152,决
938.0994114364951,539.778570041001,973.9021996697529,543.5415947186366,935.0680860017331,568.619705006681,970.870874234991,572.3827296843165,8
1053.4639512992148,551.9038717800488,1144.959965673096,561.5204904006729,1050.4326258644528,580.7450067457287,1141.928640238334,590.3616253663529,542.66
1233.4724143608723,570.8235236314941,1401.5466146781105,588.4888339237275,1230.4410889261103,599.664658597174,1398.5152892433484,617.3299688894075,4341.28
1426.4096620623172,591.1020455054188,1486.0809757844136,597.373753301478,1423.3783366275552,619.9431804710988,1483.0496503496518,626.214888267158,2%
1645.2044790433374,614.0983074243027,1739.6840591033233,624.0285114347297,1642.1731536085754,642.9394423899826,1736.6527336685613,652.8696464004097,86.83
97.57612163837939,481.601260830685,459.5820915524308,519.6496214601109,94.54479620361747,510.44239579636496,456.5507661176689,548.4907564257908,是否已经服务由于上海个人需要
539.1438431818926,528.0118985215231,608.7603758576718,535.3288909502589,536.1125177471308,556.8530334872031,605.72905042291,564.1700259159388,特别g
742.0263098370204,549.3357050281245,767.8838791165956,552.0534450730835,738.9949844022585,578.1768399938044,764.8525536818336,580.8945800387634,题
899.1607693052076,565.8512022244137,970.7663457717233,573.3772515796848,896.1294438704457,594.6923371900937,967.7350203369614,602.2183865453646,1124
1050.3280974011852,581.739528641097,1141.8241117750663,591.3561472617212,1047.2967719664232,610.580663606777,1138.7927863403042,620.197282227401,542.66
1204.4789911832675,597.9414404475833,1398.4107607800809,618.3244907847757,1201.4476657485056,626.7825754132632,1395.3794353453188,647.1656257504557,609949.84
1423.2738081642876,620.9377023664671,1482.9451218863842,627.2094101625263,1420.2424827295258,649.778837332147,1479.9137964516221,656.0505451282062,2%
1616.2110558657328,641.2162242403919,1736.5482052052937,653.8641682957779,1613.1797304309707,670.0573592060717,1733.516879770532,682.7053032614579,12199.00
1182.4712451824498,778.630840014806,1352.5344892904245,796.5052072335748,1179.3353912844202,808.4664968758543,1349.398635392395,826.3408640946229,￥648810.38
1526.5758209798723,814.7976883054141,1677.74314907585,830.6860147220975,1523.4399670818427,844.6333451664624,1674.6072951778203,860.5216715831457,￥12976.21
1406.5105032587594,866.5308447964712,1576.573747366734,884.4052120152398,1403.3746493607298,896.3665016575194,1573.4378934687045,914.2408688762881,￥661786.59
567.1340235679368,778.3088217985717,980.8551320411384,821.7926625179155,563.9981696699072,808.1444786596198,977.7192781431088,851.6283193789636,陆拾陆万壹仟柒佰捌拾陆圆伍角玖分
321.86347549368895,815.876870022536,536.680204893236,838.4550180883491,318.72762159565934,845.7125268835842,533.5443509952064,868.2906749493974,巨奥网络有限公司
359.7658419582533,857.0643756084036,717.7937242908316,894.6946223847588,356.6299880602237,886.9000324694518,714.6578703928021,924.530279245807,R09R62197R2R9728RR
312.97855611593843,900.4112311288393,759.5188871362932,947.3445111360156,309.8427022179088,930.2468879898875,756.3830332382636,977.1801679970638,广东省关岭市南长常路I座 914-7428049
309.0064745117676,938.2030631528337,840.0811666384255,994.0212625377605,305.87062061373797,968.0387200138819,836.9453127403959,1023.8569193988088,汉口银行北京东三环支行 577016503338077
174.91031880358003,970.3623701149793,228.61450115346668,976.0069071314326,171.77446490555042,1000.1980269760274,225.47864725543707,1005.8425639924808,叶岩
612.4999527656203,1016.3548939527468,666.204135115507,1021.9994309692001,609.3640988675907,1046.190550813795,663.0682812174774,1051.8350878302483,傅凯
1005.3361014360883,1057.64363694347,1059.040283785975,1063.2881739599231,1002.2002475380586,1087.4792938045182,1055.9044298879453,1093.1238308209713,刘瑜
225.08917598175572,118.69401092390859,529.6711840819007,102.73154426981074,227.60130188141704,166.62822859212815,532.1833099815619,150.6657619380303,4199275350
1568.8173493791915,78.31337177602933,1710.6227433143408,70.88166598953126,1569.968740416536,100.28322154062994,1711.7741343516855,92.85151575413192,4199275350
1299.5098834651913,60.383262936991855,1524.2015287849704,48.60767278232947,1301.9696734086097,107.31885107045684,1526.6613187283888,95.54326091579452,39809102
1550.6241811963598,113.31349508254368,1712.4021658266008,104.83507017118677,1552.0372520149194,140.27649252091715,1713.8152366451604,131.79806760956023,39809102
1459.265130829091,166.16729263759993,1692.9444419616616,153.92067887675108,1460.8352095163796,196.12617868023716,1694.5145206489497,183.87956491938832,2012年06月13日
348.82868503983207,282.4423968642476,564.5326645468201,271.13783031577174,350.39876372712047,312.4012829068848,566.1027432341084,301.0967163584089,巨奥网络有限公司
372.1026873443677,325.283041312347,741.5956152035601,305.9187375024578,373.672766031656,355.2419273549842,743.1656938908484,335.87762354509505,411989304924176
342.8680119568545,378.88652771935904,714.3581988855559,359.41755199698395,344.1240749066851,402.85363655346885,715.6142618353865,383.3846608310937,江苏省斌市闵行王街Z座 282-1088263
344.8567782940863,416.8344500400329,882.119467992047,388.6777055813291,346.4268569813747,446.79333608267007,883.6895466793353,418.6365916239663,招商银行北京东三环支行 132241511780615729
1083.5540964718452,257.95628251224787,1682.7318173245894,226.5547087664816,1085.2811830278622,290.9110571591488,1684.4589038806066,259.50948341338255,44>>2726/8<25<4>015*/8>0042
1085.2811830278622,290.9110571591488,1684.4589038806066,259.50948341338255,1087.0082695838794,323.86583180604975,1686.1859904366238,292.4642580602835,*829-274/+++2++20*7-/9053+2
1087.0082695838794,323.86583180604975,1686.1859904366238,292.4642580602835,1088.7353561398966,356.82060645295076,1687.913076992641,325.41903270718444,127/85+73<17*433+334*<75></
1088.7353561398966,356.82060645295076,1687.913076992641,325.41903270718444,1090.4624426959138,389.77538109985164,1689.6401635486582,358.3738073540854,25470+1-2<-9>+<<36-4/>7->22
87.82140433776704,518.4258696340867,295.5363475667184,507.53999073555434,89.3391470688124,547.3861261419693,297.05409029776376,536.500247243437,女人所有处理环境
531.2129177687978,495.1887050622196,601.1169852016179,491.5251881252135,532.7306604998432,524.1489615701023,602.6347279326633,520.4854446330962,不能h
734.9333428587308,484.512169988659,760.8977107623498,483.1514351263425,736.4510855897762,513.4724264965417,762.4154534933951,512.1116916342252,世
916.6839181840633,474.9870259524433,964.6181358522829,472.474900052782,918.2016609151086,503.94728246032594,966.1358785833282,501.4351565606646,38
1057.4906825844582,467.6076561221882,1136.3824158300695,463.47311557899565,1059.0084253155035,496.56791263007085,1137.900158561115,492.4333720868783,19.12
1238.242628375036,458.13484804221537,1394.0288357967495,449.97043886831614,1239.7603711060815,487.09510455009803,1395.546578527795,478.93069537619874,726.56
1418.9945741656138,448.66203996224255,1478.9123462508883,445.5218825876659,1420.5123168966593,477.6222964701252,1480.4300889819337,474.4821390955485,18%
1625.7108878598108,437.82849701995315,1733.5628776133049,432.17621374571524,1627.228630590856,466.7887535278358,1735.08062034435,461.13647025359785,130.78
89.39148302505532,548.3847556767239,452.8926336757202,529.3344676042923,90.90922575610068,577.3450121846065,454.4103764067656,558.294724112175,开发积分方式商品帮助喜欢这样
532.782996456086,525.1475911048568,602.6870638889063,521.4840741678507,534.3007391871315,554.1078476127394,604.2048066199516,550.4443306757333,名称#
736.5034215460191,514.4710560312963,762.4677894496381,513.1103211689797,738.0211642770646,543.4313125391789,763.9855321806834,542.0705776768624,告
906.2704424542967,505.5739434699958,966.1882145395712,502.4337860954192,907.7881851853421,534.5341999778784,967.7059572706165,531.3940426033018,917
1059.0607612717465,497.5665421648254,1137.9524945173578,493.4320016216328,1060.5785040027918,526.5267986727081,1139.4702372484032,522.3922581295155,19.12
1213.8483391587056,489.4544689471691,1395.5989144840378,479.92932491095337,1215.3660818897508,518.4147254550518,1397.1166572150833,508.889581418836,17533.04
1420.5646528529023,478.6209260048797,1480.4824249381768,475.48076863030315,1422.0823955839476,507.5811825127624,1482.000167669222,504.44102513818575,18%
1614.2987825952896,468.46775049374867,1735.132956300593,462.1350997883525,1615.816525326335,497.4280070016313,1736.6506990316384,491.0953562962351,3155.95
90.96156171234361,578.3436417193611,454.4627123630085,559.2933536469295,92.47930444338897,607.3038982272437,455.9804550940539,588.2536101548121,是一类型一切中心大学如果一起
534.3530751433743,555.106477147494,604.2571425761946,551.442960210488,535.8708178744198,584.0667336553767,605.77488530724,580.4032167183706,部门*
738.0735002333075,544.4299420739335,764.0378681369264,543.0692072116169,739.5912429643529,573.3901985818161,765.5556108679718,572.0294637194996,线
907.840521141585,535.532829512633,967.7582932268595,532.3926721380564,909.3582638726305,564.4930860205156,969.2760359579048,561.3529286459391,887
1060.6308399590348,527.5254282074626,1139.522573204646,523.39088766427,1062.1485826900803,556.4856847153453,1141.0403159356915,552.3511441721527,19.12
1215.4184178459936,519.4133549898063,1397.1689931713263,509.88821095359054,1216.9361605770391,548.373611497689,1398.6867359023715,538.8484674614732,16959.44
1422.1347315401904,508.57981204751695,1482.0525036254649,505.4396546729403,1423.6524742712359,537.5400685553996,1483.5702463565103,534.399911180823,18%
1628.8510452343874,497.7462691052276,1736.7030349878814,492.09398583098965,1630.3687879654326,526.7065256131102,1738.2207777189267,521.0542423388723,3052.70
92.5316403996319,608.3025277619982,300.24658362858327,597.416648863466,94.04938313067737,637.262784269881,301.76432635962874,626.3769053713486,一样部分大学如果
535.9231538306627,585.0653631901313,605.8272212634829,581.4018462531252,537.4408965617081,614.0256196980139,607.3449639945283,610.3621027610078,但是l
739.6435789205958,574.3888281165707,765.6079468242148,573.0280932542541,741.1613216516412,603.3490846244533,767.1256895552601,601.9883497621367,码
933.3777086629831,564.2356526054396,969.3283719141477,562.3515581806936,934.8954513940284,593.1959091133223,970.8461146451932,591.3118146885763,3
1049.2187346945136,558.1646816812581,1141.0926518919346,553.3497737069073,1050.736477425559,587.1249381891407,1142.6103946229798,582.3100302147899,433.93
1229.9706804850916,548.6918736012852,1398.7390718586146,539.8470969962277,1231.4884232161369,577.652130109168,1400.2568145896598,568.8073535041104,1301.79
1423.704810227479,538.5386980901542,1483.6225823127534,535.3985407155776,1425.2225529585244,567.4989545980368,1485.1403250437988,564.3587972234602,18%
1630.4211239216756,527.7051551478648,1738.2731136751695,522.0528718736268,1631.9388666527211,556.6654116557474,1739.790856406215,551.0131283815095,234.32
1210.5355680134246,731.960191657663,1362.32725729612,724.0051263087356,1212.105646700713,761.9190777003002,1363.8973359834083,753.9640123513728,￥36520.83
1556.0613870385073,713.8519507976046,1688.8791151608657,706.891268617293,1557.6314657257954,743.8108368402418,1690.4491938481538,736.8501546599302,￥6573.75
1445.5671212760342,783.7305400335929,1597.3588105587294,775.7754746846654,1447.1371999633225,813.6894260762301,1598.9288892460177,805.7343607273026,￥43094.58
602.7237939431739,827.9020871026374,966.2249445938388,808.8517990302059,604.2938726304621,857.8609731452747,967.7950232811271,838.8106850728432,肆万叁仟零佰玖拾肆圆伍角捌分
366.3498708453816,903.3763772904822,635.9798452291166,889.2456691048873,367.9199495326699,933.3352633331194,637.5499239164049,919.2045551475245,网新恒天信息有限公司
410.2287416860627,938.1275599141977,709.8176021124348,922.4267730413146,411.79882037335096,968.086445956835,711.3876807997231,952.3856590839519,82712L6056L6L78
370.7984271260318,988.259887744621,873.1090831075825,961.9349017544201,372.3685058133201,1018.2187737872581,874.6791617948709,991.8937877970573,河北省建国县东城兴安盟路o座 245-0981884
372.78719346326375,1026.2078100652948,825.1663727070857,1002.4996218872411,374.35727215055203,1056.166696107932,826.736451394374,1032.4585079298784,招商银行城北支行 877789663761002
245.37280793234459,1078.9484429755878,299.2988028090915,1076.1223013384688,246.94288661963287,1108.907329018225,300.8688814963798,1106.081187381106,谷洁
684.769803224357,1055.9206222286925,765.6587955394775,1051.681409773014,686.3398819116453,1085.8795082713298,767.2288742267658,1081.6402958156514,史桂芳
1079.2284694524137,1035.2479195127296,1160.1174617675342,1031.0087070570512,1080.798548139702,1065.2068055553668,1161.6875404548225,1060.9675930996884,王伟
