241.49496177476487,95.41915047213342,546.4485087974642,90.09616650876194,242.3326772837545,143.4118398396402,547.286224306454,138.08885587626872,5569536833
1585.8138362580733,101.95854707511609,1727.7922089702809,99.48030536102186,1586.1977891996935,123.9551963685567,1728.176161911901,121.47695465446247,5569536833
1317.2961769501674,74.64066575530353,1542.2619083603554,70.71387430691476,1318.1164400527196,121.63350742765391,1543.0821714629078,117.70671597926514,84288633
1566.4102641738132,136.30241683917905,1728.3855907891484,133.47512699633916,1566.8814791476198,163.29830460840162,1728.8568057629552,160.47101476556173,84288633
1473.2622963381018,185.9356324117905,1707.2266570046975,181.85176930546618,1473.7858685312203,215.93106326648223,1707.750229197816,211.8472001601579,2002年07月22日
359.44435581208813,263.38623190843225,629.4032335043137,258.67408217036575,359.96792800520666,293.38166276312404,629.9268056974322,288.66951302505754,戴硕电子网络有限公司
381.20906329361276,307.01302996013055,751.1527105014775,300.5556395783357,381.7326354867313,337.00846081482234,751.676282694596,330.5510704330274,631614299829360
350.12146218334703,359.563587114256,743.0616063798088,352.70479138440356,350.5403199378418,383.5599317980094,743.4804641343036,376.701136068157,湖北省南京市沈河毛街q座 052-1607361
350.78465362796385,397.55779953019885,846.7091104255338,388.9014059373062,351.30822582108226,427.5532303848906,847.2326826186523,418.89683679199794,EBA银行龙阳大道支行 226648292263236
1094.5767454421577,264.5565809092184,1694.4853625359924,254.08513704684827,1095.152674854588,297.55155484937933,1695.0612919484229,287.0801109870092,25>4/1/6<1//9>83-+3763263>0
1095.152674854588,297.55155484937933,1695.0612919484229,287.0801109870092,1095.7286042670185,330.5465287895402,1695.6372213608531,320.0750849271701,70*1109>526*/7720>92>3->>01
1095.7286042670185,330.5465287895402,1695.6372213608531,320.0750849271701,1096.3045336794487,363.54150272970116,1696.2131507732834,353.070058867331,34>-6751**387<8+46288-66+>5
1096.3045336794487,363.54150272970116,1696.2131507732834,353.070058867331,1096.8804630918792,396.53647666986205,1696.7890801857138,386.06503280749195,0/52129*7**47205*70+45<0003
90.36036926347026,490.11692719052957,454.3049303003966,483.76425124735835,90.86648905015147,519.1125103500649,454.81105008707783,512.7598344068937,相关而且参加喜欢留言她的详细
534.292745912908,482.3680587323757,604.2820845738554,481.14639028176583,534.7988656995892,511.363641891911,604.7882043605366,510.14197344130116,能力l
738.2616757248118,478.80776781916984,764.2577157988779,478.35400525180046,738.767795511493,507.80335097870517,764.7638355855591,507.34958841133584,首
896.2376115595216,476.05028760207904,968.2266456107817,474.79371433859467,896.7437313462028,505.0458707616144,968.732765397463,503.78929749813,1881
1061.212481260326,473.17064053992726,1140.200449177681,471.79190043138186,1061.7186010470073,502.1662236994626,1140.7065689643623,500.7874835909172,63.55
1203.1908539725337,470.69239882583304,1398.16115452803,467.28917957056274,1203.6969737592149,499.68798198536837,1398.6672743147112,496.28476273009807,119537.55
1423.15734690694,466.85286940963067,1483.1482086163232,465.8057250233936,1423.663466693621,495.848452569166,1483.6543284030045,494.80130818292895,1%
1617.1277997672796,463.4671025607976,1738.1093708812032,461.3553613818863,1617.6339195539608,492.46268572033296,1738.6154906678844,490.35094454142165,1195.38
90.88394145658867,520.1123580452213,402.8364223453828,514.6672072367888,91.39006124326988,549.1079412047567,403.342542132064,543.6627903963242,电影公司日本其中继续不能
534.8163181060265,512.3634895870674,604.8056567669739,511.14182113645757,535.3224378927077,541.3590727466028,605.3117765536551,540.137404295993,成为*
738.7852479179303,508.8031986738616,764.7812879919965,508.3494361064922,739.2913677046115,537.7987818333969,765.2874077786777,537.3450192660275,得
896.7611837526401,506.04571845677077,968.7502178039002,504.78914519328634,897.2673035393213,535.0413016163061,969.2563375905814,533.7847283528217,1881
1074.7340734904778,502.9391901109343,1140.7240213707996,501.7873312860736,1075.240193277159,531.9347732704697,1141.2301411574808,530.782914445609,6.65
1216.7124462026854,500.4609483968401,1398.6847267211485,497.28461042525447,1217.2185659893667,529.4565315563755,1399.1908465078297,526.2801935847898,12508.65
1423.6809191000584,496.84830026432235,1483.6717808094418,495.80115587808535,1424.1870388867396,525.8438834238577,1484.177900596123,524.7967390376207,1%
1630.6493919974314,493.23565213180467,1738.6329430743215,491.35079223657806,1631.1555117841126,522.23123529134,1739.1390628610027,520.3463753961134,125.09
91.4075136497072,550.1077888999131,403.35999453850127,544.6626380914806,91.91363343638841,579.1033720594484,403.86611432518254,573.6582212510159,电脑个人希望之后必须作品
535.3398902991449,542.3589204417592,605.3292289600923,541.1372519911494,535.8460100858263,571.3545036012945,605.8353487467737,570.1328351506846,觉得*
739.3088201110488,538.7986295285533,765.304860185115,538.3448669611839,739.81493989773,567.7942126880887,765.8109799717962,567.3404501207193,府
921.281100629512,535.6222915569678,969.2737899970188,534.7845760479781,921.7872204161932,564.617874716503,969.7799097837,563.7801592075134,33
1062.259625646563,533.1615022493107,1141.2475935639181,531.7827621407654,1062.7657454332443,562.1570854088461,1141.7537133505994,560.7783453003007,63.55
1230.2340384328368,530.2294979678471,1399.208298914267,527.2800412799462,1230.7401582195182,559.2250811273825,1399.7144187009483,556.2756244394816,2097.15
1424.204491293177,526.8437311190141,1484.1953530025603,525.7965867327771,1424.7106110798582,555.8393142785494,1484.7014727892415,554.7921698923125,1%
1644.1709842275827,523.0042017028118,1739.15651526744,521.3462230912698,1644.677104014264,551.999784862347,1739.6626350541212,550.3418062508051,20.97
91.93108584282572,580.1032197546048,455.87564687975214,573.7505438114335,92.43720562950693,609.0988029141402,456.38176666643335,602.7461269709689,各种同时直接日本能够我的怎么
535.8634624922635,572.3543512964509,605.8528011532109,571.132682845841,536.3695822789447,601.3499344559863,606.3589209398921,600.1282660053764,产品-
739.8323923041673,568.7940603832451,765.8284323782334,568.3402978158757,740.3385120908486,597.7896435427804,766.3345521649146,597.335880975411,新
909.8065004807538,565.8271512889069,969.7973621901373,564.7800069026698,910.312620267435,594.8227344484422,970.3034819768185,593.7755900622052,738
1062.7831978396816,563.1569331040025,1141.7711657570367,561.7781929954571,1063.2893176263628,592.1525162635378,1142.2772855437179,590.7737761549924,584.9
1217.7595905889223,560.4518101062235,1399.7318711073856,557.275472134638,1218.2657103756035,589.4473932657589,1400.2379908940668,586.2710552941733,431656.20
1424.7280634862955,556.8391619737058,1484.7189251956788,555.7920175874689,1425.2341832729767,585.8347451332412,1485.22504498236,584.7876007470041,1%
1618.6985163466352,553.4533951248728,1739.6800874605585,551.3416539459615,1619.2046361333164,582.4489782844082,1740.1862072472397,580.3372371054969,4316.56
1204.9383654380056,742.7033291276832,1375.9123213097487,739.7189676269078,1205.461937631124,772.698759982375,1376.435893502867,769.7143984815996,￥565799.55
1550.885667962117,736.6647965003832,1683.8654114179171,734.3436264442245,1551.4092401552355,766.6602273550749,1684.3889836110357,764.3390572989163,￥5658.00
1438.0199847262745,802.6446233242425,1608.9939405980176,799.6602618234671,1438.543556919393,832.6400541789343,1609.5175127911361,829.6556926781589,￥571457.55
594.1485300142804,817.3744543573098,1010.0851711993391,810.1142532793999,594.6721022073989,847.3698852120016,1010.6087433924577,840.1096841340916,伍拾柒万壹仟肆佰伍拾柒圆伍角伍分
355.28458478229527,884.5534366971106,706.2311257821887,878.4276420376241,355.8081569754138,914.5488675518022,706.7546979753072,908.4230728923158,雨林木风计算机传媒有限公司
397.9239270170432,920.8148003475311,697.8782355639606,915.5790784163461,398.4474992101617,950.8102312022229,698.401807757079,945.5745092710379,222779992285971
356.7680393294644,969.5404907854038,832.6955422239066,961.2331453212569,357.2916115225828,999.5359216400955,833.2191144170251,991.2285761759485,江西省贵阳县华龙梧州路L座 410-4863624
357.4312307740811,1007.5347032013467,906.3476154149399,997.953332067278,357.9548029671996,1037.5301340560384,906.8711876080584,1027.9487629219698,招商银行龙阳大道支行 495605408675438009
228.25384109986533,1055.7965100153874,309.24150440753306,1054.3828650939677,228.77741329298385,1085.791940870079,309.7650766006516,1084.3782959486593,刘秀兰
668.1868269686775,1048.1174511829827,749.1744902763452,1046.7038062615627,668.710399161796,1078.1128820376744,749.6980624694637,1076.6992371162546,张玉英
1063.1266665554522,1041.2237506402557,1144.1143298631198,1039.8101057188358,1063.6502387485705,1071.2191814949474,1144.6379020562383,1069.8055365735277,万秀华
209.50566506577002,142.52724662674729,513.3450479837522,115.94474508871156,213.68914071765755,190.34459213515106,517.5285236356399,163.76209059711533,9567799130
1551.0060115835056,55.27576931664703,1692.4656587125335,42.89965384647962,1552.9234379239542,77.19205267466543,1694.383085052982,64.81593720449803,9567799130
1281.2368487269928,46.75527803408363,1505.3806557976354,27.14523591586044,1285.3331686361328,93.5764288443956,1509.4769757067756,73.96638672617252,19186142
1534.0454128750912,90.8895039067196,1695.428953965954,76.77027358159893,1536.3986179292779,117.78676075519672,1697.7821590201406,103.66753043007606,19186142
1444.5865869063546,146.8994892334032,1677.696146259823,126.50504543045122,1447.2012591887844,176.78533017615553,1680.310818542253,156.39088637320356,1976年08月17日
338.8845316134226,301.8574348863633,607.8571000981939,278.3253843444956,341.49920389585236,331.7432758291157,610.4717723806236,308.211225287248,中建创业传媒有限公司
363.6394729542461,343.85973100469926,732.231511248192,311.61210618806575,366.25414523667587,373.74557194745165,734.8461835306218,341.49794713081815,001167719072801
336.29334123818853,398.4508390733951,706.8777689283179,366.0289027712663,338.38507906413236,422.35951182759703,708.9695067542616,389.9375755254682,吉林省琴市黄浦李街o座 879-8609565
339.6052594625995,436.30623760088145,756.0146432649492,399.87513713236035,342.21993174502927,466.1920785436338,758.629315547379,429.7609780751127,汉口银行上海分行 607898393587821
1072.3078151093227,251.744689740119,1670.02463396437,199.45124409152413,1075.1839546199953,284.6191147771466,1672.9007734750428,232.32566912855168,*-81224-70/+*0>070*98<82*->
1075.1839546199953,284.6191147771466,1672.9007734750428,232.32566912855168,1078.0600941306682,317.4935398141742,1675.7769129857156,265.2000941655793,28-4*60/8920-4*60>436022477
1078.0600941306682,317.4935398141742,1675.7769129857156,265.2000941655793,1080.936233641341,350.3679648512018,1678.6530524963882,298.0745192026069,1+*708*6173-9<88900>35<*>58
1080.936233641341,350.3679648512018,1678.6530524963882,298.0745192026069,1083.8123731520136,383.2423898882294,1681.5291920070608,330.9489442396345,51122/659+0+>94<96860>*>>+*
86.27195392435613,546.8061756328415,293.4804511274392,528.6777811413286,88.79947046403822,575.6958218775021,296.0079676671213,557.5674273859893,希望完全程序通过
528.5823998770911,508.10902585288125,598.3160287435134,502.0081238605452,531.1099164167732,536.9986720975419,600.8435452831955,530.8977701052058,认为-
731.8061182878073,490.329254332359,757.7071804381926,488.0632050209199,734.3336348274893,519.2189005770197,760.2346969778747,516.9528512655805,迎
913.113553340505,474.4669091522852,960.9308988489087,470.2834335003976,915.641069880187,503.35655539694585,963.4584153885908,499.17307974505826,14
1066.5275368466337,461.04492476914584,1132.276386920689,455.2926457478004,1069.0550533863159,489.9345710138065,1134.803903460371,484.18229199246105,4.71
1246.8387772012397,445.26973533181973,1389.2946190283592,432.8064641189046,1249.3662937409217,474.15938157648037,1391.8221355680414,461.69611036356525,65.94
1414.199486480653,430.62757055021314,1473.9711683661576,425.39822598535363,1416.727003020335,459.5172167948738,1476.4986849058398,454.2878722300143,12%
1646.3128511360296,410.3202824900088,1728.0008163795528,403.1735115847008,1648.8403676757116,439.20992873466946,1730.5283329192348,432.06315782936144,7.91
88.88662620678588,576.6920165755939,451.5014963121813,544.9673262154463,91.41414274646797,605.5816628202545,454.02901285186334,573.8569724601069,威望今年市场积分觉得主要文章
531.197072159521,537.9948667956337,600.9307010259431,531.8939648032975,533.724588699203,566.8845130402942,603.4582175656251,560.7836110479582,而且-
734.4207905702369,520.2150952751114,760.3218527206224,517.9490459636722,736.9483071099191,549.104741519772,762.8493692603045,546.8386922083329,有
927.6825620000357,503.3068811820657,963.5455711313384,500.16927444315,930.2100785397178,532.1965274267263,966.0730876710205,529.0589206878107,1
1043.241146978678,493.1968150233373,1134.8910592031186,485.1784866905528,1045.7686635183602,522.086461267998,1137.4185757428008,514.0681329352134,604.01
1236.5029184084767,476.28860093029164,1391.909291310789,462.69230506165695,1239.030434948159,505.1782471749523,1394.436807850471,491.5819513063176,604.01
1416.8141587630826,460.51341149296553,1476.5858406485875,455.28406692810603,1419.3416753027648,489.4030577376261,1479.1133571882697,484.17371317276667,12%
1635.9769923432668,441.3391480884807,1730.6154886619825,433.0593525274532,1638.5045088829488,470.22879433314137,1733.1430052016647,461.94899877211384,72.48
91.50129848921563,606.5778575183463,402.3140442938402,579.3852657810769,94.02881502889772,635.4675037630069,404.8415608335223,608.2749120257375,地区回复她的游戏应该网站
533.8117444419506,567.880707738386,603.5453733083727,561.77980574605,536.3392609816327,596.7703539830467,606.072889848055,590.6694519907105,日期g
737.0354628526668,550.1009362178637,762.9365250030521,547.8348869064246,739.5629793923488,578.9905824625243,765.4640415427342,576.7245331510852,件
918.3428979053645,534.23859103779,966.1602434137682,530.0551153859024,920.8704144450465,563.1282372824505,968.6877599534503,558.944761630563,70
1045.8558192611079,523.0826559660898,1137.5057314855485,515.0643276333052,1048.3833358007898,551.9723022107503,1140.0332480252305,543.9539738779658,604.01
1226.1670596157137,507.3074665287636,1394.5239635932187,492.57814600440935,1228.694576155396,536.1971127734242,1397.051480132901,521.4677922490699,42280.70
1419.4288310455124,490.3992524357179,1479.2005129310173,485.1699078708584,1421.9563475851946,519.2888986803785,1481.7280294706993,514.0595541155191,12%
1612.6906024753112,473.4910383426722,1733.2301609444123,462.9451934702056,1615.2181190149931,502.38068458733284,1735.7576774840945,491.8348397148662,5073.68
94.11597077164538,636.4636984610986,404.92871657626995,609.2711067238292,96.64348731132748,665.3533447057592,407.45623311595205,638.1607529684899,说明城市用户事情现在之间
536.4264167243804,597.7665486811384,606.1600455908026,591.6656466888023,538.9539332640625,626.656194925799,608.6875621304846,620.555292933463,资料~
739.6501351350964,579.9867771606162,765.5511972854819,577.720727849177,742.1776516747785,608.8764234052767,768.078713825164,606.6103740938377,己
897.0488974335923,566.2161698064862,968.7749156961979,559.9409563286547,899.5764139732744,595.1058160511467,971.30243223588,588.8306025733153,1283
1087.3220847691157,549.5694229416835,1140.1204037679781,544.9501685760575,1089.8496013087977,578.459069186344,1142.6479203076603,573.8398148207182,7.1
1241.7322629733362,536.0602828157964,1397.1386358756486,522.4639869471617,1244.2597795130182,564.949929060457,1399.6661524153305,551.3536331918224,9109.30
1422.0435033279423,520.2850933784703,1481.815185213447,515.0557488136108,1424.5710198676243,549.1747396231309,1484.342701753129,543.9453950582714,12%
1615.3052747577408,503.3768792854246,1735.8448332268422,492.83103441295793,1617.8327912974228,532.2665255300852,1738.3723497665242,521.7206806576186,1093.12
1215.7544308335569,721.0282590638957,1367.176024943502,707.7805861662516,1218.3691031159865,750.9141000066481,1369.7906972259318,737.6664271090041,￥52059.95
1560.4377963733007,690.872372073206,1692.9316912195027,679.2806582877674,1563.0524686557305,720.7582130159583,1695.5463635019325,709.1664992305198,￥6247.19
1452.4495683266919,764.5645874243107,1603.871162436637,751.3169145266668,1455.0642406091215,794.4504283670631,1606.4858347190668,781.2027554694191,￥58307.14
611.6612431372586,838.1240343033343,974.276113242654,806.3993439431866,614.2759154196883,868.0098752460866,976.8907855250836,836.2851848859391,伍万捌仟叁佰零拾柒圆壹角肆分
378.065327388342,921.8016785425522,647.0378958731134,898.2696280006844,380.67999967077174,951.6875194853046,649.6525681555431,928.1554689434369,创联世纪传媒有限公司
423.1302671898587,955.0003411765451,721.9886766173825,928.8536183522476,425.7449394722885,984.8861821192975,724.6033488998121,958.739459295,192984W00411966
385.47356552189297,1006.4782278803506,859.6622418135639,964.9920943324653,388.0882378043227,1036.364068823103,862.2769140959937,994.8779352752176,陕西省丹丹县怀柔潜江路b座 000-2479159
388.78548374630395,1044.3336264078368,920.7534525272962,997.7924597805875,391.4001560287337,1074.2194673505892,923.3681248097259,1027.6783007233398,汉口银行北京东三环支行 521996058816944
263.2893371607694,1101.4888290772528,343.98110770620076,1094.4292139146924,265.90400944319913,1131.374670020005,346.5957799886305,1124.315054857445,王丹丹
701.6150043211375,1063.140302268283,755.4095180180917,1058.4338921599096,704.2296766035672,1093.0261432110356,758.0241903005215,1088.319733102662,鲍雪
1095.1119100673768,1028.713783882958,1148.906423764331,1024.0073737745847,1097.7265823498067,1058.5996248257106,1151.521096046761,1053.893214717337,秦小红
