250.0,84.0,555.0,84.0,250.0,132.0,555.0,132.0,6925493619
1594.0,114.0,1736.0,114.0,1594.0,136.0,1736.0,136.0,6925493619
1326.0,82.0,1551.0,82.0,1326.0,129.0,1551.0,129.0,36990650
1574.0,148.0,1736.0,148.0,1574.0,175.0,1736.0,175.0,36990650
1480.0,196.0,1714.0,196.0,1480.0,226.0,1714.0,226.0,1983年04月01日
365.0,254.0,662.0,254.0,365.0,284.0,662.0,284.0,新格林耐特网络有限公司
386.0,298.0,756.0,298.0,386.0,328.0,756.0,328.0,213391268770860
354.0,350.0,726.0,350.0,354.0,374.0,726.0,374.0,广东省瑞市涪城滕街r座 512-7491773
354.0,388.0,850.0,388.0,354.0,418.0,850.0,418.0,EBA银行龙阳大道支行 668641645026357
1100.0,268.0,1700.0,268.0,1100.0,301.0,1700.0,301.0,/8+55-5>>0<0+-*6248*<1/*/>>
1100.0,301.0,1700.0,301.0,1100.0,334.0,1700.0,334.0,1901->2-2-+5/17873<*9</8018
1100.0,334.0,1700.0,334.0,1100.0,367.0,1700.0,367.0,-38>21+062286*2364<3-<27+35
1100.0,367.0,1700.0,367.0,1100.0,400.0,1700.0,400.0,+/-/-4+-+6*61>42-><23151>6-
92.0,476.0,404.0,476.0,92.0,505.0,404.0,505.0,事情这些服务无法网络这些
536.0,476.0,606.0,476.0,536.0,505.0,606.0,505.0,看到+
740.0,476.0,766.0,476.0,740.0,505.0,766.0,505.0,投
934.0,476.0,970.0,476.0,934.0,505.0,970.0,505.0,6
1063.0,476.0,1142.0,476.0,1063.0,505.0,1142.0,505.0,23.73
1244.0,476.0,1400.0,476.0,1244.0,505.0,1400.0,505.0,142.38
1425.0,476.0,1485.0,476.0,1425.0,505.0,1485.0,505.0,14%
1645.0,476.0,1740.0,476.0,1645.0,505.0,1740.0,505.0,19.93
92.0,506.0,456.0,506.0,92.0,535.0,456.0,535.0,服务能力这么应用手机认为规定
536.0,506.0,606.0,506.0,536.0,535.0,606.0,535.0,进入+
740.0,506.0,766.0,506.0,740.0,535.0,766.0,535.0,是
934.0,506.0,970.0,506.0,934.0,535.0,970.0,535.0,6
1076.0,506.0,1142.0,506.0,1076.0,535.0,1142.0,535.0,4.61
1257.0,506.0,1400.0,506.0,1257.0,535.0,1400.0,535.0,27.66
1425.0,506.0,1485.0,506.0,1425.0,535.0,1485.0,535.0,14%
1658.0,506.0,1740.0,506.0,1658.0,535.0,1740.0,535.0,3.87
92.0,536.0,404.0,536.0,92.0,565.0,404.0,565.0,当前世界只是查看事情处理
536.0,536.0,606.0,536.0,536.0,565.0,606.0,565.0,之间g
740.0,536.0,766.0,536.0,740.0,565.0,766.0,565.0,出
910.0,536.0,970.0,536.0,910.0,565.0,970.0,565.0,832
1076.0,536.0,1142.0,536.0,1076.0,565.0,1142.0,565.0,4.61
1231.0,536.0,1400.0,536.0,1231.0,565.0,1400.0,565.0,3835.52
1425.0,536.0,1485.0,536.0,1425.0,565.0,1485.0,565.0,14%
1632.0,536.0,1740.0,536.0,1632.0,565.0,1740.0,565.0,536.97
92.0,566.0,352.0,566.0,92.0,595.0,352.0,595.0,特别她的电影任何点击
536.0,566.0,606.0,566.0,536.0,595.0,606.0,595.0,很多#
740.0,566.0,766.0,566.0,740.0,595.0,766.0,595.0,加
910.0,566.0,970.0,566.0,910.0,595.0,970.0,595.0,543
1063.0,566.0,1142.0,566.0,1063.0,595.0,1142.0,595.0,76.42
1218.0,566.0,1400.0,566.0,1218.0,595.0,1400.0,595.0,41496.06
1425.0,566.0,1485.0,566.0,1425.0,595.0,1485.0,595.0,14%
1619.0,566.0,1740.0,566.0,1619.0,595.0,1740.0,595.0,5809.45
1202.0,748.0,1354.0,748.0,1202.0,778.0,1354.0,778.0,￥45501.62
1548.0,748.0,1681.0,748.0,1548.0,778.0,1681.0,778.0,￥6370.23
1434.0,812.0,1586.0,812.0,1434.0,842.0,1586.0,842.0,￥51871.85
590.0,812.0,954.0,812.0,590.0,842.0,954.0,842.0,伍万壹仟捌佰柒拾壹圆捌角伍分
350.0,875.0,620.0,875.0,350.0,905.0,620.0,905.0,昂歌信息信息有限公司
392.0,912.0,752.0,912.0,392.0,942.0,752.0,942.0,170437R48872R64768
350.0,960.0,799.0,960.0,350.0,990.0,799.0,990.0,青海省合肥县山亭谢路g座 685-0447516
350.0,998.0,911.0,998.0,350.0,1028.0,911.0,1028.0,EBA银行北京东三环支行 797337890188590
220.0,1044.0,274.0,1044.0,220.0,1074.0,274.0,1074.0,王宇
660.0,1044.0,741.0,1044.0,660.0,1074.0,741.0,1074.0,韩秀英
1055.0,1044.0,1136.0,1044.0,1055.0,1074.0,1136.0,1074.0,赵建国
258.7030345219265,72.73102210366483,563.6565815446259,78.05400606703631,257.8653190129369,120.72371147117161,562.8188660356361,126.0466954345431,3397152470
1601.9747646189978,126.18248721006563,1743.9531373312054,128.66072892415986,1601.5908116773776,148.17913650350624,1743.5691843895852,150.65737821760047,3397152470
1334.574059323078,89.5101160398691,1559.539790733266,93.43690748825787,1333.7537962205256,136.50295771221948,1558.7195276307139,140.42974916060825,64478683
1581.3844288970022,159.82826071663726,1743.3597555123379,162.65555055947715,1580.9132139231956,186.82414848585984,1742.888540538531,189.65143832869973,64478683
1486.5610300433118,206.18042387903938,1720.5253907099075,210.2642869853637,1486.0374578501933,236.17585473373111,1720.001818516789,240.25971784005543,1971年03月03日
370.7186103705733,244.71215702053894,586.6857125243538,248.48187681099216,370.19503817745476,274.70758787523073,586.1621403312353,278.47730766568395,凌云网络有限公司
390.94750608561696,289.0719561426031,760.8911532934817,295.52934652439797,390.42393389249844,319.0673869972949,760.3675811003633,325.52477737908976,948218783333913
358.0448547058737,340.5055592847424,771.9818005006198,347.73085554977774,357.62599695137897,364.50190396849575,771.5629427461249,371.72720023353116,上海市冬梅市朝阳长春街P座 317-4852923
357.3816632612569,378.49977170068524,869.3036831813292,387.4354037965744,356.8580910681385,408.495202555377,868.7801109882108,417.43083465126614,招商银行龙阳大道支行 674589354545608287
1105.3623326203988,271.5375434841318,1705.2709497142337,282.0089873465019,1104.7864032079685,304.53251742429273,1704.6950203018032,315.00396128666284,>97+1378+570<656/<-*328042<
1104.7864032079685,304.53251742429273,1704.6950203018032,315.00396128666284,1104.210473795538,337.5274913644536,1704.119090889373,347.99893522682373,5+>-/-3<-50*/8*815>210>457-
1104.210473795538,337.5274913644536,1704.119090889373,347.99893522682373,1103.6345443831078,370.52246530461457,1703.5431614769427,380.9939091669846,-48/263<-686<-+/06*52-0<<1>
1103.6345443831078,370.52246530461457,1703.5431614769427,380.9939091669846,1103.0586149706774,403.51743924477546,1702.9672320645122,413.98888310714557,+658-<1*74++2828+374>--88<9
93.88575536380142,461.9138383878794,301.8540759563308,465.54393892683436,93.37963557712021,490.90942154741475,301.3479561696496,494.53952208636974,到了处理比较只要
537.8181320132392,469.6627068460333,607.8074706741866,470.88437529664316,537.312012226558,498.65829000556863,607.3013508875054,499.8799584561785,一些+
741.787061825143,473.2229977592391,767.7831018992092,473.6767603266085,741.2809420384618,502.2185809187745,767.276982112528,502.67234348614386,此
923.7593423436062,476.3993357308247,971.752031711113,477.2370512398143,923.253222556925,505.39491889036003,971.2459119244318,506.23263439934965,20
1077.7358873976905,479.08700632216636,1143.7258352780123,480.23886514702707,1077.2297676110093,508.0825894817017,1143.219715491331,509.2344483065624,9.35
1258.7083202209974,482.2458918873147,1401.6865406283614,484.74158600784625,1258.2022004343162,511.24147504685004,1401.1804208416802,513.7371691673816,187.00
1426.682733007271,485.1778961687783,1486.6735947166544,486.2250405550153,1426.1766132205898,514.1734793283136,1486.1674749299732,515.2206237145507,17%
1646.649225941677,489.0174255849807,1741.6347569815343,490.67540419652266,1646.1431061549958,518.013008744516,1741.1286371948531,519.6709873560579,31.79
93.36218317068301,491.90926924257116,249.33842361508005,494.6318446467874,92.8560633840018,520.9048524021065,248.83230382839884,523.6274278063227,管理参加全部
537.2945598201206,499.65813770072504,607.283898481068,500.87980615133483,536.7884400334394,528.6537208602604,606.7777786943868,529.8753893108702,项目g
741.2634896320245,503.2184286139309,767.2595297060907,503.6721911813002,740.7573698453433,532.2140117734662,766.7534099194095,532.6677743408355,活
923.2357701504877,506.39476658551644,971.2284595179945,507.23248209450605,922.7296503638065,535.3903497450518,970.7223397313132,536.2280652540414,20
1077.212315204572,509.0824371768581,1143.2022630848937,510.2342960017188,1076.7061954178907,538.0780203363935,1142.6961432982125,539.2298791612542,9.35
1258.1847480278789,512.2413227420064,1401.1629684352429,514.737016862538,1257.6786282411977,541.2369059015418,1400.6568486485617,543.7326000220734,187.00
1426.1591608141525,515.17332702347,1486.150022523536,516.2204714097071,1425.6530410274713,544.1689101830054,1485.643902736855,545.2160545692424,17%
1646.1256537485588,519.0128564396724,1741.1111847884158,520.6708350512143,1645.6195339618776,548.0084395992078,1740.6050650017346,549.6664182107497,31.79
92.83861097756449,521.9047000972629,456.7831720144909,528.2573760404341,92.33249119088327,550.9002832567983,456.27705222780963,557.2529591999694,方法工具生产也是关系因为音乐
536.7709876270022,529.6535685554168,606.7603262879496,530.8752370060266,536.2648678403209,558.6491517149522,606.2542065012683,559.870820165562,孩子l
740.739917438906,533.2138594686226,766.7359575129722,533.6676220359919,740.2337976522248,562.209442628158,766.229837726291,562.6632051955273,之
910.7140256154926,536.1807685629608,970.704887324876,537.2279129491978,910.2079058288114,565.1763517224962,970.1987675381948,566.2234961087331,593
1063.6907229744204,538.8509867478651,1142.6786908917752,540.2297268564106,1063.1846031877392,567.8465699074005,1142.172571105094,569.2253100159459,94.63
1218.667115723661,541.5561097456441,1400.6393962421243,544.7324477172297,1218.1609959369798,570.5516929051795,1400.1332764554431,573.728030876765,56115.59
1425.635588621034,545.1687578781618,1485.6264503304176,546.2159022643988,1425.1294688343528,574.1643410376971,1485.1203305437364,575.2114854239342,17%
1619.606041481374,548.5545247269948,1740.5876125952973,550.6662659059061,1619.0999216946927,577.5501078865301,1740.081492808616,579.6618490654414,9539.65
92.31503878444596,551.9001309519546,248.291279228843,554.6227063561709,91.80891899776475,580.89571411149,247.78515944216178,583.6182895157062,很多任何任何
536.2474154338837,559.6489994101084,606.2367540948311,560.8706678607183,535.7412956472025,588.6445825696438,605.7306343081499,589.8662510202537,能够h
740.2163452457876,563.2092903233143,766.2123853198536,563.6630528906837,739.7102254591064,592.2048734828497,765.7062655331724,592.658636050219,什
934.1867981061274,566.5950571721473,970.1813151317575,567.2233438038895,933.6806783194462,595.5906403316827,969.6751953450763,596.2189269634249,2
1050.1691307442688,568.6195363188722,1142.1551186986567,570.2251577111023,1049.6630109575876,597.6151194784076,1141.6489989119755,599.2207408706377,133.98
1244.1395836046088,572.0053031677053,1400.1158240490058,574.7278785719215,1243.6334638179276,601.0008863272406,1399.6097042623246,603.7234617314568,267.96
1425.1120164279155,575.1641887328535,1485.102878137299,576.2113331190906,1424.6058966412343,604.1597718923889,1484.5967583506178,605.2069162786258,17%
1645.0785093623217,579.0037181490559,1740.0640404021788,580.6616967605978,1644.5723895756405,607.9993013085913,1739.5579206154976,609.6572799201332,45.55
1198.9696424364547,753.2445826158025,1350.9464921002261,755.8973483942696,1198.4460702433362,783.2400134704942,1350.4229199071076,785.8927792489613,￥56757.55
1544.916944960566,759.2831152431027,1677.896688416366,761.6042852992614,1544.3933727674475,789.2785460977943,1677.3731162232475,791.5997161539531,￥9648.78
1429.8173537007513,821.2837933992614,1581.7942033645227,823.9365591777284,1429.2937815076327,851.2792242539531,1581.2706311714041,853.9319900324201,￥66406.33
585.9458989887571,806.5539623661941,949.8904600256835,812.9066383093652,585.4223267956386,836.5493932208858,949.366887832565,842.902069164057,陆万陆仟肆佰零拾陆圆叁角叁分
344.88295054567425,865.3557896160987,614.8418282379,870.0679393541652,344.3593783525557,895.3512204707904,614.3182560447815,900.0633702088569,商软冠联网络有限公司
386.2308147040633,903.0831554072511,686.1851232509806,908.3188773384361,385.70724251094475,933.0785862619427,685.6615510578622,938.3143081931278,T11796331597366
343.39949599850513,950.342843704392,927.3105499698377,960.5350490637654,342.8759238053867,980.3382745590836,926.7869777767193,990.5304799184572,西藏自治区齐齐哈尔市永川海门路C座 825-5387252
342.73630455388843,988.3370561203349,822.6631982289563,996.7142112102308,342.2127323607699,1018.3324869750265,822.1396260358378,1026.7096420649227,EBA银行上海分行 529294759718272
211.95329348744247,1032.061237260682,292.9409567951102,1033.4748821821017,211.42972129432394,1062.0566681153737,292.41738460199167,1063.4703130367936,康玉珍
651.8862793562547,1039.7402960930867,732.8739426639224,1041.1539410145067,651.3627071631362,1069.7357269477784,732.3503704708039,1071.1493718691984,苏秀荣
1046.8261189430293,1046.6339966358137,1127.813782250697,1048.0476415572336,1046.3025467499108,1076.6294274905053,1127.2902100575784,1078.0430724119253,隆秀梅
