202.0282356196692,154.644206707416,505.35741370699253,122.76302541078172,207.04560185651656,202.3812576850931,510.37477994383994,170.5000763884588,7226011751
1541.8015168926581,43.99360893673793,1683.023626034953,29.150567152731128,1544.1011430845465,65.87309063483997,1685.3232522268413,51.03004885083317,7226011751
1271.924738109396,40.182536440684316,1495.6921645672574,16.663632205462363,1276.8375758829757,86.92506552299324,1500.605002340837,63.40616128777117,16472496
1525.4650467363929,79.89792264461232,1686.577593786053,62.964311595252525,1528.2873152446195,106.75001381955576,1689.39986229428,89.81640277019585,16472496
1436.9973548086225,137.46064916944886,1669.7154783247984,113.00098876481798,1440.133208706652,167.29630603049708,1672.8513322228282,142.83664562586614,1999年12月01日
334.16809234252173,311.69215564424235,548.9848217420688,289.1140075784292,337.30394624055134,341.5278125052905,552.1206756400984,318.9496644394774,明腾传媒有限公司
359.6523045290322,353.25602131182563,727.6254058152933,314.5804899027939,362.78815842706183,383.0916781728738,730.7612597133229,344.41614676384205,353101467093083
333.26308396716547,408.3160706955407,724.1101888468968,367.23638463135296,335.7717670855891,432.1845961843793,726.6188719653205,391.1049101201915,北京市欢市新城柳州街Q座 589-6029213
337.2351655713363,446.1079027195351,778.8028871148497,399.697265028697,340.37101946936593,475.9435595805833,781.9387410128792,429.53292188974524,EBA银行城北支行 154838844305608
1066.6050839239497,248.78704167767285,1663.3182211449139,186.06996371708078,1070.0545232117822,281.60626422482585,1666.7676604327462,218.88918626423379,10<7*210559>0/428392+76//1>
1070.0545232117822,281.60626422482585,1666.7676604327462,218.88918626423379,1073.5039624996148,314.4254867719789,1670.217099720579,251.7084088113868,<->11800442*077/30<5>6*4/>4
1073.5039624996148,314.4254867719789,1670.217099720579,251.7084088113868,1076.9534017874475,347.2447093191319,1673.6665390084113,284.52763135853985,044<82*4>>-70>9345*/-//1178
1076.9534017874475,347.2447093191319,1673.6665390084113,284.52763135853985,1080.40284107528,380.0639318662849,1677.115978296244,317.34685390569285,-<6<0/774377+9>-1<2499<+402
85.8689337524022,561.0122868880684,396.15976510730343,528.3994063485605,88.90025918716412,589.8534218537483,399.1910905420654,557.2405413142404,看到游戏进行一下来自阅读
527.4366552959154,514.6016491972302,597.0531879716946,507.28465676849453,530.4679807306775,543.4427841629101,600.0845134064566,536.1257917341744,操作#
730.3191219510433,493.277842690629,756.1766912306184,490.56010264567,733.3504473858052,522.1189776563089,759.2080166653803,519.4012376113499,网
911.322106908069,474.253662375916,959.0591578857461,469.23629613906866,914.353432342831,503.09479734159595,962.090483320508,498.0774311047486,77
1038.620909515208,460.8740190776564,1130.116923889089,451.25740045703225,1041.6522349499699,489.7151540433363,1133.1482493238511,480.0985354227122,139.42
1205.700587937078,443.3132372486906,1386.7035728941037,424.2890569339777,1208.73191337184,472.15437221437054,1389.7348983288657,453.1301918996576,10735.34
1411.5666202783104,421.67584535228633,1471.2379340004068,415.4041375562271,1414.5979457130725,450.5169803179663,1474.2692594351688,444.24527252190705,8%
1617.4326526195432,400.03845345588206,1724.8410173193165,388.7493794229755,1620.463978054305,428.879588421562,1727.8723427540785,417.59051438865544,858.83
89.00478765043181,590.8479437491166,347.58048044618283,563.6705432995267,92.03611308519373,619.6890787147966,350.61180588094476,592.5116782652066,工具更新自己点击应用
530.572509193945,544.4373060582784,600.1890418697242,537.1203136295427,533.6038346287071,573.2784410239584,603.2203673044862,565.9614485952227,活动h
733.4549758490729,523.1134995516771,759.312545128648,520.3957595067182,736.4863012838348,551.954634517357,762.34387056341,549.236894472398,然
926.3922235505179,502.83497767775236,962.1950117837757,499.0719530001169,929.4235489852798,531.6761126434324,965.2263372185377,527.9130879657968,2
1054.685548053025,489.3508059162251,1133.2527777871187,481.09305731808047,1057.716873487787,518.191940881905,1136.2841032218807,509.93419228376035,82.29
1234.6940111146826,470.4311540647798,1389.8394267921333,454.12471379502585,1237.7253365494446,499.2722890304597,1392.870752226895,482.9658487607058,164.58
1414.70247417634,451.51150221333455,1474.3737878984366,445.23979441727533,1417.7337996111019,480.35263717901444,1477.4051133331984,474.0809293829552,8%
1633.4972911573602,428.5152402944508,1727.9768712173461,418.58503628402366,1636.528616592122,457.3563752601307,1731.008196652108,447.4261712497036,13.17
92.14064154846142,620.6836006101648,454.14661146251285,582.6352399807389,95.17196698322334,649.5247355758447,457.1779368972748,611.4763749464189,主题原因需要可是基本一点联系
533.7083630919747,574.2729629193267,603.3248957677538,566.9559704905909,536.7396885267367,603.1140978850066,606.3562212025158,595.7971054562709,经营+
736.5908297471025,552.9491564127253,762.4483990266776,550.2314163677663,739.6221551818644,581.7902913784053,765.4797244614396,579.0725513334463,不
929.5280774485475,532.6706345388005,965.3308656818053,528.907609861165,932.5594028833094,561.5117695044805,968.3621911165673,557.7487448268449,2
1083.67897123063,516.4687227323143,1136.3886316851483,510.92871417912863,1086.7102966653918,545.3098576979942,1139.4199571199104,539.7698491448086,5.4
1263.6874342922874,497.549070880869,1392.975280690163,483.9603706560741,1266.7187597270492,526.390205846549,1396.0066061249247,512.801505621754,10.80
1417.8383280743697,481.3471590743827,1477.509641796466,475.0754512783235,1420.8696535091317,510.18829404006266,1480.540967231228,503.91658624400344,8%
1649.5619296951772,456.99202713301946,1731.1127251153757,448.4206931450719,1652.5932551299393,485.8331620986994,1734.1440505501378,477.2618281107518,0.86
95.27649544649103,650.519257471213,302.13704968309185,628.7773371115411,98.30782088125295,679.3603924368929,305.16837511785377,657.618472077221,中国市场提高解决
536.8442169900043,604.1086197803749,606.4607496657834,596.7916273516391,539.8755424247663,632.9497547460547,609.4920751005454,625.632762317319,帖子#
739.7266836451321,582.7848132737736,765.5842529247072,580.0670732288146,742.758009079894,611.6259482394535,768.6155783594692,608.9082081944945,看
908.7954058577385,565.0149745182724,968.466719579835,558.7432667222132,911.8267312925005,593.8561094839524,971.4980450145969,587.5844016878932,868
1060.9572558490843,549.0221196383214,1139.524485583178,540.7643710401769,1063.9885812838463,577.8632546040014,1142.55581101794,569.6055060058568,82.29
1215.1081496311667,532.8202078318352,1396.1111345881925,513.7960275171223,1218.1394750659288,561.6613427975151,1399.1424600229543,542.6371624828022,71427.72
1420.9741819723993,511.18281593543094,1480.6454956944958,504.9111081393717,1424.005507407161,540.0239509011109,1483.6768211292576,533.7522431050517,8%
1613.9114296738444,490.90429406150616,1734.2485790134053,478.2563500061201,1616.9427551086062,519.7454290271861,1737.2799044481671,507.0974849718,5714.22
1218.2199796199873,715.4956482011434,1369.3873077159649,699.60732178446,1221.3558335180169,745.3313050621916,1372.5231616139945,729.4429786455082,￥82338.44
1562.3245554174098,679.3287999105353,1694.59596750139,665.4265142959374,1565.4604093154394,709.1644567715834,1697.73182139942,695.2621711569856,￥6587.08
1455.6388809945565,754.8944460266173,1606.8062090905341,739.006119609934,1458.7747348925861,784.7301028876655,1609.9420629885635,768.8417764709822,￥88925.52
616.2624013037339,843.1164690245168,978.2683712177853,805.0681083950909,619.3982552017635,872.952125885565,981.4042251158149,834.9037652561392,捌万捌仟玖佰贰拾伍圆伍角贰分
384.1624396012104,930.8581796169549,652.6833513506442,902.6354945346884,387.29829349924,960.693836478003,655.8192052486738,932.4711513957366,浦华众城传媒有限公司
429.7999123475811,963.2652942883395,787.8277946801595,925.6350475119843,432.9357662456107,993.1009511493877,790.9636485781891,955.4707043730325,059T39423760770T90
393.047358978961,1015.3925407232581,866.4397811742591,965.636992207855,396.1832128769905,1045.2281975843061,869.5756350722886,995.4726490689031,辽宁省兰英市双滦太原路W座 416-3870916
397.01944058313177,1053.1843727472524,847.5378591849596,1005.8329788870054,400.1552944811614,1083.0200296083008,850.6737130829893,1035.6686357480537,招商银行城北支行 007383116819256
272.5399034955684,1112.5210801589878,326.24408584545506,1106.8765431425347,275.675757393598,1142.3567370200362,329.37993974348467,1136.712200003583,葛博
710.1295374576085,1066.5285563212205,763.8337198074953,1060.8840193047672,713.2653913556381,1096.3642131822687,766.9695737055249,1090.7196761658154,杨楠
1102.9656861280764,1025.2398133304973,1156.6698684779633,1019.595276314044,1106.1015400261062,1055.0754701915455,1159.805722375993,1049.4309331750924,袁文
314.9265877318785,8.459674027482379,617.6531639824816,45.62982376605237,309.07685924843133,56.10188930626589,611.8034354990345,93.27203904483582,0642876263
1645.2525352356606,202.02845611324028,1786.1940887687283,219.33390287677116,1642.5714096807474,223.86447144934937,1783.512963213815,241.16991821288025,0642876263
1383.1499855847512,137.60599522813845,1606.4728697040487,165.02659749429665,1377.4221264447092,184.25566435528054,1600.7450105640069,211.67626662143874,93355764
1621.2580545270594,233.3376384009423,1782.0505310929534,253.08047203257615,1617.9675822551203,260.13638449525797,1778.7600588210144,279.87921812689183,93355764
1522.108987789328,269.52413539964186,1754.3647872733973,298.0415617564464,1518.4529074871734,299.3005199488815,1750.708706971243,327.81794630568606,1977年11月21日
408.3516067917554,191.20749429809905,622.741575546281,217.53127247361095,404.695526489601,220.9838788473387,619.0854952441265,247.3076570228506,彩虹网络有限公司
423.8328248663966,237.43878118182533,791.0749009736858,282.53043824172994,420.1767445642422,267.21516573106504,787.4188206715314,312.3068227909696,512376665343987
385.7341421568067,285.1513620782094,775.8047797518462,333.0460140364323,382.80927791508316,308.97246971760114,772.8799155101227,356.8671216758241,北京市鹏市魏都宁德街B座 220-8264132
381.1031071074111,322.8681158405796,863.4805368050936,382.0966167354813,377.44702680525666,352.6445003898193,859.8244565029391,411.873001284721,EBA银行城北支行 353924218310506556
1136.166857440455,294.677107823861,1731.6945484252483,367.79871386694947,1132.1451691080852,327.4311308280246,1727.6728600928782,400.5527368711131,<5/97<1966949<279*<<2-323/5
1132.1451691080852,327.4311308280246,1727.6728600928782,400.5527368711131,1128.1234807757153,360.18515383218823,1723.6511717605085,433.3067598752767,97-2948488>9/83-64+322805<>
1128.1234807757153,360.18515383218823,1723.6511717605085,433.3067598752767,1124.1017924433454,392.93917683635186,1719.6294834281387,466.06078287944035,5>+5-8587257143642+890+/892
1124.1017924433454,392.93917683635186,1719.6294834281387,466.06078287944035,1120.0801041109755,425.6931998405155,1715.6077950957688,498.814805883604,*6<3<13/87*-1--4>>272>6-7>6
110.3315131577317,378.2824092128673,368.3935125844755,409.96843849820567,106.79730219898238,407.06624761046567,364.8593016257262,438.752276895804,学校帮助在线他的投资
551.0220044864786,432.3923976847528,620.5002351013712,440.92325172311314,547.4877935277294,461.1762360823511,616.966024142622,469.7070901207114,解决-
753.5014194213084,457.25374373940286,779.3076193639828,460.4223466679367,749.967208462559,486.0375821370012,775.7734084052335,489.20618506553507,密
910.3237113806373,476.5090999974162,981.7870342988124,485.2836927225868,906.789500421888,505.2929383950145,978.2528233400632,514.0675311201851,1955
1061.1907264301183,495.0332401949986,1152.5049723811198,506.24521978827215,1057.656515471369,523.817078592597,1148.9707614223705,535.0290581858706,765.03
1202.132279963186,512.3386869585295,1408.581879504581,537.6875103868002,1198.5980690044366,541.1225253561279,1405.0476685458316,566.4713487843985,1495633.65
1433.3955332956139,540.7342439719289,1492.9483023940934,548.0464045762377,1429.8613223368648,569.5180823695273,1489.4140914353438,576.8302429738361,19%
1600.143286771356,561.2082936639937,1746.0475710626304,579.1230871445504,1596.6090758126068,589.992132061592,1742.513360103881,607.9069255421487,284170.39
106.67543285557724,408.058793762107,467.9622320530185,452.4192347615807,103.14122189682803,436.8426321597053,464.4280210942692,481.203073159179,市场之间地址什么个人有限不同
547.3659241843243,462.1687822339925,616.8441547992168,470.6996362723528,543.831713225575,490.9526206315908,613.3099438404674,499.48347466995114,其实l
749.845339119154,487.0301282886426,775.6515390618283,490.1987312171764,746.3111281604047,515.8139666862409,772.117328103079,518.9825696147748,表
942.3992925375704,510.67278090924117,978.130953996658,515.0600772718265,938.8650815788211,539.4566193068395,974.5967430379087,543.8439156694249,8
1057.5346461279637,524.8096247442382,1148.8488920789655,536.0216043375118,1054.0004351692146,553.5934631418367,1145.3146811202162,564.8054427351102,765.03
1237.1854995750432,546.86797590057,1404.9257992024266,567.4638949360399,1233.6512886162936,575.6518142981683,1401.3915882436772,596.2477333336382,6120.24
1429.7394529934595,570.5106285211685,1489.2922220919388,577.8227891254774,1426.2052420347104,599.294466918767,1485.7580111331895,606.6066275230758,19%
1622.2934064118758,594.1532811417671,1742.3914907604758,608.89947169379,1618.7591954531267,622.9371195393655,1738.8572798017267,637.6833100913883,1162.85
103.01935255342289,437.8351783113467,412.6937518655153,475.85841345375263,99.48514159467356,466.61901670894497,409.15954090676604,504.642251851351,建设企业一种一直一些政府
543.7098438821698,491.94516678323214,613.1880744970624,500.47602082159244,540.1756329234206,520.7290051808304,609.6538635383131,529.2598592191907,专业g
746.1892588169995,516.8065128378822,771.9954587596739,519.975115766416,742.6550478582502,545.5903512354805,768.4612478009246,548.7589541640144,产
903.0115507763284,536.0618690958955,974.4748736945036,544.8364618210661,899.4773398175791,564.8457074934938,970.9406627357544,573.6203002186645,1955
1053.8785658258093,554.5860092934779,1145.192811776811,565.7979888867515,1050.34435486706,583.3698476910763,1141.6586008180616,594.5818272843499,765.03
1194.820119358877,571.8914560570089,1401.269718900272,597.2402794852795,1191.2859084001277,600.6752944546072,1397.7355079415229,626.0241178828778,1495633.65
1426.0833726913052,600.2870130704082,1485.6361417897845,607.5991736747171,1422.5491617325558,629.0708514680066,1482.1019308310351,636.3830120723154,19%
1592.8311261670474,620.761062762473,1738.7354104583214,638.6758562430297,1589.2969152082978,649.5449011600713,1735.2011994995723,667.459694640628,284170.39
99.36327225126843,467.61156286058633,357.4252716780122,499.2975921459246,95.8290612925191,496.3954012581846,353.8910607192629,528.081430543523,软件通过是否深圳他的
540.0537635800154,521.7215513324718,609.531994194908,530.2524053708321,536.5195526212661,550.5053897300701,605.9977832361587,559.0362437684305,虽然#
742.5331785148451,546.5828973871219,768.3393784575195,549.7515003156557,738.9989675560959,575.3667357847202,764.8051674987702,578.5353387132541,也
911.2660242938698,567.300685765997,970.8187933923491,574.6128463703058,907.7318133351206,596.0845241635952,967.2845824335999,603.3966847679042,844
1076.0286854663293,587.5309967712515,1141.5367314746566,595.5743734359911,1072.49447450758,616.3148351688498,1138.0025205159072,624.3582118335895,0.74
1242.7764389420713,608.0050464633161,1397.6136385981176,627.0166640345192,1239.2422279833222,636.7888848609145,1394.0794276393683,655.8005024321176,624.56
1422.4272923891508,630.0633976196478,1481.9800614876299,637.3755582239568,1418.8930814304013,658.8472360172462,1478.4458505288808,666.1593966215551,19%
1627.8843457789044,655.2903517045135,1735.079330156167,668.4522407922693,1624.3501348201548,684.0741901021117,1731.5451191974178,697.2360791898677,118.67
1178.909280073399,783.5299336390206,1367.4930488852501,806.6851088859986,1175.2531997712445,813.3063181882603,1363.8369685830958,836.4614934352383,￥2998012.10
1522.3302485412964,825.6967264572016,1692.0556404719625,846.5363841794818,1518.674168239142,855.4731110064413,1688.399560169808,876.3127687287215,￥569622.30
1401.3803492762563,875.3265750140595,1589.9641180881074,898.4817502610374,1397.7242689741017,905.102959563299,1586.308037785953,928.2581348102772,￥3567634.40
563.6713972909805,772.468849180115,976.5705963737705,823.1664960366563,560.015316988826,802.2452337293546,972.914516071616,852.942880585896,叁佰伍拾陆万柒仟陆佰叁拾肆圆肆角
317.78255226253896,805.7506143162828,585.7700132056959,838.6553370356727,314.1264719603845,835.5269988655225,582.1139329035415,868.4317215849123,中建创业信息有限公司
354.960324925484,847.5933343500279,712.27693951636,891.466297975881,351.3042446233296,877.3697188992676,708.6208592142056,921.2426825251207,192412J0684J127077
307.42365807310136,890.1170372057952,779.8756262543707,948.1268446666454,303.767577770947,919.8934217550349,776.2195459522163,977.9032292158851,重庆市太原县崇文潜江路c座 631-1839416
302.7926230237058,927.8337909681654,874.4992063691072,998.0305327695304,299.13654272155134,957.6101755174051,870.8431260669529,1027.80691731877,招商银行北京东三环支行 570663308725133032
168.15563351369724,957.6478993009971,248.55187179664426,967.519316116814,164.49955321154277,987.4242838502367,244.8957914944898,997.2957006660537,周红梅
604.8759402358789,1011.270410399262,658.4734324245103,1017.85135494314,601.2198599337244,1041.0467949485017,654.8173521223558,1047.6277394923795,梁红
996.931670134201,1059.4088010442952,1050.5291623228325,1065.9897455881733,993.2755898320466,1089.185185593535,1046.8730820206779,1095.7661301374128,吴晨
