258.7030345219265,72.73102210366483,563.6565815446259,78.05400606703631,257.8653190129369,120.72371147117161,562.8188660356361,126.0466954345431,2974156040
1601.9747646189978,126.18248721006563,1743.9531373312054,128.66072892415986,1601.5908116773776,148.17913650350624,1743.5691843895852,150.65737821760047,2974156040
1334.574059323078,89.5101160398691,1559.539790733266,93.43690748825787,1333.7537962205256,136.50295771221948,1558.7195276307139,140.42974916060825,02776231
1581.3844288970022,159.82826071663726,1743.3597555123379,162.65555055947715,1580.9132139231956,186.82414848585984,1742.888540538531,189.65143832869973,02776231
1486.5610300433118,206.18042387903938,1720.5253907099075,210.2642869853637,1486.0374578501933,236.17585473373111,1720.001818516789,240.25971784005543,1983年02月03日
370.7186103705733,244.71215702053894,586.6857125243538,248.48187681099216,370.19503817745476,274.70758787523073,586.1621403312353,278.47730766568395,创汇传媒有限公司
390.94750608561696,289.0719561426031,760.8911532934817,295.52934652439797,390.42393389249844,319.0673869972949,760.3675811003633,325.52477737908976,156274968938378
358.0448547058737,340.5055592847424,813.9754036971881,348.4638566201437,357.62599695137897,364.50190396849575,813.5565459426933,372.46020130389707,四川省乌鲁木齐市大兴佛山路c座 646-5812001
357.3816632612569,378.49977170068524,775.3179998366285,385.7948775914698,356.8580910681385,408.495202555377,774.79442764351,415.7903084461615,汉口银行上海分行 590459615667801
1105.3623326203988,271.5375434841318,1705.2709497142337,282.0089873465019,1104.7864032079685,304.53251742429273,1704.6950203018032,315.00396128666284,/+167-6<68-9155*9/98>-09*+/
1104.7864032079685,304.53251742429273,1704.6950203018032,315.00396128666284,1104.210473795538,337.5274913644536,1704.119090889373,347.99893522682373,7>4-077<*3*655<38*4956>5550
1104.210473795538,337.5274913644536,1704.119090889373,347.99893522682373,1103.6345443831078,370.52246530461457,1703.5431614769427,380.9939091669846,25+0339<>01+565413+3215/>+*
1103.6345443831078,370.52246530461457,1703.5431614769427,380.9939091669846,1103.0586149706774,403.51743924477546,1702.9672320645122,413.98888310714557,0-08907>613+20>2/39*559->4+
93.88575536380142,461.9138383878794,353.84615610446315,466.4514640615731,93.37963557712021,490.90942154741475,353.34003631778194,495.44704722110845,比较北京技术质量如果
537.8181320132392,469.6627068460333,607.8074706741866,470.88437529664316,537.312012226558,498.65829000556863,607.3013508875054,499.8799584561785,还是!
741.787061825143,473.2229977592391,767.7831018992092,473.6767603266085,741.2809420384618,502.2185809187745,767.276982112528,502.67234348614386,程
899.7629976598529,475.9804779763299,971.752031711113,477.2370512398143,899.2568778731717,504.9760611358653,971.2459119244318,506.23263439934965,1741
1077.7358873976905,479.08700632216636,1143.7258352780123,480.23886514702707,1077.2297676110093,508.0825894817017,1143.219715491331,509.2344483065624,87.8
1219.714260109898,481.56524803626064,1401.6865406283614,484.74158600784625,1219.2081403232169,510.56083119579597,1401.1804208416802,513.7371691673816,152859.80
1426.682733007271,485.1778961687783,1486.6735947166544,486.2250405550153,1426.1766132205898,514.1734793283136,1486.1674749299732,515.2206237145507,5%
1620.6531858676108,488.56366301761136,1741.6347569815343,490.67540419652266,1620.1470660809296,517.5592461771466,1741.1286371948531,519.6709873560579,7642.99
93.36218317068301,491.90926924257116,249.33842361508005,494.6318446467874,92.8560633840018,520.9048524021065,248.83230382839884,523.6274278063227,过程合作分析
537.2945598201206,499.65813770072504,607.283898481068,500.87980615133483,536.7884400334394,528.6537208602604,606.7777786943868,529.8753893108702,一些l
741.2634896320245,503.2184286139309,767.2595297060907,503.6721911813002,740.7573698453433,532.2140117734662,766.7534099194095,532.6677743408355,部
911.2375978086111,506.18533770826906,971.2284595179945,507.23248209450605,910.7314780219298,535.1809208678044,970.7223397313132,536.2280652540414,877
1051.216275130506,508.6286746094887,1143.2022630848937,510.2342960017188,1050.7101553438247,537.6242577690241,1142.6961432982125,539.2298791612542,531.24
1206.1926678797465,511.3337976072677,1401.1629684352429,514.737016862538,1205.6865480930653,540.3293807668031,1400.6568486485617,543.7326000220734,465897.48
1426.1591608141525,515.17332702347,1486.150022523536,516.2204714097071,1425.6530410274713,544.1689101830054,1485.643902736855,545.2160545692424,5%
1607.1315936374594,518.3322125886184,1741.1111847884158,520.6708350512143,1606.6254738507782,547.3277957481537,1740.6050650017346,549.6664182107497,23294.87
92.83861097756449,521.9047000972629,456.7831720144909,528.2573760404341,92.33249119088327,550.9002832567983,456.27705222780963,557.2529591999694,成为出现公司中心来源简介电话
536.7709876270022,529.6535685554168,606.7603262879496,530.8752370060266,536.2648678403209,558.6491517149522,606.2542065012683,559.870820165562,空间+
740.739917438906,533.2138594686226,766.7359575129722,533.6676220359919,740.2337976522248,562.209442628158,766.229837726291,562.6632051955273,现
922.7121979573692,536.3901974402082,970.704887324876,537.2279129491978,922.206078170688,565.3857805997435,970.1987675381948,566.2234961087331,51
1050.6927029373874,538.6241054641805,1142.6786908917752,540.2297268564106,1050.1865831507062,567.6196886237158,1142.172571105094,569.2253100159459,531.24
1218.667115723661,541.5561097456441,1400.6393962421243,544.7324477172297,1218.1609959369798,570.5516929051795,1400.1332764554431,573.728030876765,27093.24
1425.635588621034,545.1687578781618,1485.6264503304176,546.2159022643988,1425.1294688343528,574.1643410376971,1485.1203305437364,575.2114854239342,5%
1619.606041481374,548.5545247269948,1740.5876125952973,550.6662659059061,1619.0999216946927,577.5501078865301,1740.081492808616,579.6618490654414,1354.66
92.31503878444596,551.9001309519546,248.291279228843,554.6227063561709,91.80891899776475,580.89571411149,247.78515944216178,583.6182895157062,教育部分工具
536.2474154338837,559.6489994101084,606.2367540948311,560.8706678607183,535.7412956472025,588.6445825696438,605.7306343081499,589.8662510202537,的话g
740.2163452457876,563.2092903233143,766.2123853198536,563.6630528906837,739.7102254591064,592.2048734828497,765.7062655331724,592.658636050219,这
922.1886257642507,566.3856282948999,970.1813151317575,567.2233438038895,921.6825059775695,595.3812114544353,969.6751953450763,596.2189269634249,51
1050.1691307442688,568.6195363188722,1142.1551186986567,570.2251577111023,1049.6630109575876,597.6151194784076,1141.6489989119755,599.2207408706377,531.24
1218.1435435305425,571.5515406003359,1400.1158240490058,574.7278785719215,1217.6374237438613,600.5471237598712,1399.6097042623246,603.7234617314568,27093.24
1425.1120164279155,575.1641887328535,1485.102878137299,576.2113331190906,1424.6058966412343,604.1597718923889,1484.5967583506178,605.2069162786258,5%
1619.0824692882554,578.5499555816865,1740.0640404021788,580.6616967605978,1618.5763495015742,607.5455387412219,1739.5579206154976,609.6572799201332,1354.66
1198.9696424364547,753.2445826158025,1369.9435983081976,756.228944116578,1198.4460702433362,783.2400134704942,1369.420026115079,786.2243749712698,￥672943.76
1544.916944960566,759.2831152431027,1696.8937946243377,761.9358810215697,1544.3933727674475,789.2785460977943,1696.3702224312192,791.9313118762615,￥33647.19
1429.8173537007513,821.2837933992614,1600.7913095724944,824.2681549000368,1429.2937815076327,851.2792242539531,1600.2677373793758,854.2635857547286,￥706590.95
585.9458989887571,806.5539623661941,1001.8825401738159,813.814163444104,585.4223267956386,836.5493932208858,1001.3589679806973,843.8095942987957,柒拾零万陆仟伍佰玖拾零圆玖角伍分
344.88295054567425,865.3557896160987,614.8418282379,870.0679393541652,344.3593783525557,895.3512204707904,614.3182560447815,900.0633702088569,双敏电子网络有限公司
386.2308147040633,903.0831554072511,686.1851232509806,908.3188773384361,385.70724251094475,933.0785862619427,685.6615510578622,938.3143081931278,R06277590399988
343.39949599850513,950.342843704392,819.3269988929475,958.6501891685389,342.8759238053867,980.3382745590836,818.803426699829,988.6456200232305,河南省贵阳县沈北新李街N座 167-2739459
342.73630455388843,988.3370561203349,876.6549737674014,997.6566411578442,342.2127323607699,1018.3324869750265,876.1314015742829,1027.6520720125359,EBA银行龙阳大道支行 764740512259403
211.95329348744247,1032.061237260682,292.9409567951102,1033.4748821821017,211.42972129432394,1062.0566681153737,292.41738460199167,1063.4703130367936,熊淑华
651.8862793562547,1039.7402960930867,705.8780548946999,1040.6827260407,651.3627071631362,1069.7357269477784,705.3544827015813,1070.6781568953916,张建
1046.8261189430293,1046.6339966358137,1100.8178944814745,1047.5764265834268,1046.3025467499108,1076.6294274905053,1100.294322288356,1077.5718574381187,林瑜
209.67997655126533,142.51963602293074,513.5193594692475,115.93713448489501,213.86345220315286,190.33698153133452,517.7028351211352,163.7544799932988,7548253027
1551.180323069001,55.26815871283054,1692.6399701980288,42.892043242663135,1553.0977494094495,77.18444207084895,1694.5573965384774,64.80832660068148,7548253027
1281.411160212488,46.74766743026714,1505.554967283131,27.137625312044065,1285.507480121628,93.5688182405791,1509.651287192271,73.95877612235603,77276768
1534.2197243605865,90.881893302903,1695.6032654514493,76.76266297778238,1536.5729294147732,117.77915015138012,1697.956470505636,103.65991982625951,77276768
1444.7608983918499,146.8918786295867,1677.8704577453184,126.49743482663473,1447.3755706742797,176.77771957233904,1680.4851300277483,156.38327576938707,1980年10月28日
339.0588430989179,301.8498242825468,608.0314115836892,278.3177737406791,341.67351538134767,331.73566522529916,610.6460838661189,308.20361468343145,信诚致远网络有限公司
363.8137844397414,343.85212040088277,732.4058227336873,311.60449558424926,366.4284567221712,373.73796134363516,735.0204950161171,341.49033652700166,264631863906761
336.46765272368384,398.4432284695786,748.8922577336665,362.36075097204815,338.55939054962766,422.3519012237805,750.9839955596103,386.26942372625,天津市巢湖市淄川梧州街R座 905-1078914
339.77957094809483,436.29862699706496,798.0291320702978,396.2069853331422,342.3942432305246,466.1844679398173,800.6438043527276,426.0928262758946,汉口银行上海分行 497777038043309669
1072.482126594818,251.73707913630244,1670.1989454498653,199.44363348770753,1075.3582661054907,284.61150417333005,1673.075084960538,232.3180585247352,0++78/6*90<+588*1176<0+4169
1075.3582661054907,284.61150417333005,1673.075084960538,232.3180585247352,1078.2344056161635,317.48592921035765,1675.951224471211,265.19248356176274,<33298-<81+>6035-*-6/8-691*
1078.2344056161635,317.48592921035765,1675.951224471211,265.19248356176274,1081.1105451268363,350.3603542473853,1678.8273639818835,298.0669085987904,7</1>59-12*0+4><2+3*9021>55
1081.1105451268363,350.3603542473853,1678.8273639818835,298.0669085987904,1083.986684637509,383.23477928441287,1681.7035034925561,330.94133363581795,3/>8>3-/7<03/929>51/+37>296
86.44626540985143,546.798565029025,293.6547626129345,528.6701705375121,88.97378194953353,575.6882112736856,296.1822791526166,557.5598167821727,客户工程历史谢谢
528.7567113625864,508.10141524906476,598.4903402290087,502.0005132567287,531.2842279022686,536.9910614937254,601.0178567686908,530.8901595013893,还有h
731.9804297733026,490.3216437285425,757.8814919236879,488.0555944171034,734.5079463129846,519.2112899732031,760.40900846337,516.945240661764,生
913.2878648260003,474.4592985484687,961.1052103344041,470.27582289658113,915.8153813656824,503.3489447931293,963.6327268740861,499.1654691412417,60
1066.701848332129,461.03731416532935,1132.4506984061843,455.2850351439839,1069.2293648718112,489.92696040999,1134.9782149458663,484.17468138864456,8.36
1247.013088686735,445.26212472800324,1389.4689305138545,432.7988535150881,1249.540605226417,474.1517709726638,1391.9964470535367,461.6884997597487,501.60
1414.3737979661482,430.61995994639665,1474.145479851653,425.39061538153715,1416.9013145058302,459.5096061910573,1476.6729963913351,454.2802616261978,3%
1633.5366315463323,411.44569654191184,1728.1751278650481,403.1659009808843,1636.0641480860145,440.3353427865725,1730.70264440473,432.05554722554496,15.05
89.06093769228119,576.6844059717773,399.8736834969058,549.491814234508,91.58845423196328,605.574052216438,402.40120003658785,578.3814604791686,一点目前社会以下本站而且
531.3713836450163,537.9872561918171,601.1050125114384,531.886354199481,533.8989001846983,566.8769024364777,603.6325290511204,560.7760004441417,标题-
734.5951020557322,520.2074846712949,760.4961642061177,517.9414353598557,737.1226185954145,549.0971309159555,763.0236807457998,546.8310816045164,有
891.9938643542281,506.4368773171649,963.7198826168337,500.16166383933347,894.5213808939102,535.3265235618255,966.2473991565158,529.0513100839942,1940
1056.3659895393662,492.0561797638013,1135.065370688614,485.17087608673626,1058.8935060790482,520.945826008462,1137.5928872282961,514.0605223313969,57.26
1210.7761677435867,478.5470396379143,1392.0836027962844,462.68469445784046,1213.3036842832687,507.4366858825749,1394.6111193359664,491.5743407025011,111084.40
1416.9884702485779,460.505800889149,1476.7601521340828,455.27645632428954,1419.51598678826,489.3954471338096,1479.287668673765,484.1661025689501,3%
1610.2502416783766,443.5975867961033,1730.7898001474778,433.0517419236367,1612.7777582180588,472.48723304076395,1733.31731668716,461.9413881682973,3332.53
91.67560997471094,606.5702469145298,402.48835577933556,579.3776551772604,94.20312651439303,635.4598931591903,405.0158723190176,608.267301421921,管理单位拥有介绍来自包括
533.9860559274459,567.8730971345695,603.7196847938682,561.7721951422334,536.513572467128,596.7627433792301,606.2472013335503,590.661841386894,不要*
737.2097743381621,550.0933256140472,763.1108364885474,547.8272763026081,739.7372908778441,578.9829718587079,765.6383530282295,576.7169225472687,继
918.5172093908598,534.2309804339734,966.3345548992635,530.0475047820859,921.0447259305419,563.120626678634,968.8620714389456,558.9371510267465,60
1058.9806618217958,521.9420207065536,1137.6800429710438,515.0567170294886,1061.508178361478,550.8316669512143,1140.2075595107258,543.9463632741492,57.26
1239.291902176402,506.1668312692275,1394.6982750787142,492.5705354005928,1241.8194187160839,535.0564775138881,1397.2257916183962,521.4601816452534,3435.60
1419.6031425310077,490.3916418319014,1479.3748244165126,485.1622972670419,1422.13065907069,519.281288076562,1481.9023409561946,514.0519435117026,3%
1625.8154450359991,472.35040308313614,1733.4044724299076,462.93758286638905,1628.3429615756813,501.2400493277968,1735.9319889695898,491.8272291110497,103.07
94.29028225714069,636.4560878572821,353.3009037609945,613.795594742891,96.81779879682279,665.3457341019428,355.8284203006766,642.6852409875515,主要开发报告软件电子
536.6007282098757,597.7589380773219,606.3343570762979,591.6580360849858,539.1282447495578,626.6485843219825,608.8618736159799,620.5476823296464,以上+
739.8244466205917,579.9791665567996,765.7255087709772,577.7131172453605,742.351963160274,608.8688128014602,768.2530253106593,606.6027634900211,乐
933.0862180503905,563.0709524637539,968.9492271816932,559.9333457248382,935.6137345900725,591.9605987084145,971.4767437213753,588.8229919694988,3
1074.5458651794183,550.6948369935865,1140.2947152534734,544.942557972241,1077.0733817191003,579.5844832382471,1142.8222317931557,573.8322042169017,8.36
1254.8571055340242,534.9196475562603,1397.3129473611439,522.4563763433453,1257.3846220737064,563.809293800921,1399.8404639008259,551.3460225880058,25.08
1422.2178148134376,520.2774827746538,1481.9894966989423,515.0481382097943,1424.7453313531196,549.1671290193144,1484.5170132386243,543.9377844544549,3%
1654.3311794688143,499.9701947144494,1736.0191447123375,492.82342380914145,1656.8586960084963,528.85984095911,1738.5466612520195,521.7130700538021,0.75
1215.9287423190522,721.0206484600792,1386.2780356927406,706.1170164502296,1218.5434146014818,750.9064894028315,1388.8927079751702,736.002857392982,￥115046.68
1560.612107858796,690.8647614693895,1693.106002704998,679.273047683951,1563.2267801412258,720.7506024121418,1695.7206749874279,709.1588886267033,￥3451.40
1452.6238798121872,764.5569768204942,1622.9731731858756,749.6533448106447,1455.2385520946168,794.4428177632466,1625.5878454683052,779.5391857533971,￥118498.08
611.8355546227539,838.1164236995178,1026.25254902892,801.8596347164919,614.4502269051836,868.0022646422701,1028.8672213113498,831.7454756592442,壹拾壹万捌仟肆佰玖拾捌圆零角捌分
378.2396388738373,921.7940679387357,647.2122073586087,898.262017396868,380.85431115626704,951.679908881488,649.8268796410384,928.1478583396204,浙大万朋信息有限公司
423.30457867535404,954.9927305727285,722.1629881028778,928.8460077484311,425.9192509577838,984.878571515481,724.7776603853074,958.7318486911836,5722V93V8037751
385.6478770073883,1006.4706172765341,832.9392964505821,967.3376887828355,388.262549289818,1036.3564582192864,835.5539687330119,997.2235297255879,福建省柳州市东丽张街Z座 665-9874899
388.9597952317993,1044.3260158040202,920.9277640127915,997.7848491767709,391.574467514229,1074.2118567467728,923.5424362952213,1027.6706901195232,EBA银行龙阳大道支行 299691490712604
263.4636486462647,1101.4812184734362,344.15541919169607,1094.421603310876,266.07832092869444,1131.3670594161886,346.7700914741258,1124.307444253628,罗淑兰
701.7893158066328,1063.1326916644666,782.4810863520642,1056.0730765019064,704.4039880890625,1093.018532607219,785.0957586344939,1085.9589174446587,齐红梅
1095.2862215528721,1028.7061732791417,1175.9779920983037,1021.6465581165813,1097.900893835302,1058.592014221894,1178.5926643807334,1051.5323990593338,曾桂香
