314.6828490450681,8.444766330765106,617.4094252956713,45.614916069335095,308.83312056162106,56.0869816095485,611.5596968122243,93.25713134811849,9551839371
1645.0087965488506,202.0135484165229,1785.9503500819183,219.3189951800539,1642.3276709939373,223.84956375263198,1783.269224527005,241.15501051616297,9551839371
1382.906246897941,137.59108753142107,1606.2291310172384,165.01168979757927,1377.178387757899,184.2407566585632,1600.5012718771964,211.6613589247214,12130324
1621.0143158402489,233.3227307042249,1781.8067924061431,253.06556433585877,1617.7238435683098,260.1214767985406,1778.516320134204,279.86431043017444,12130324
1521.8652491025177,269.5092277029245,1754.1210485865868,298.026654059729,1518.2091688003634,299.2856122521641,1750.4649682844324,327.8030386089687,1996年06月19日
408.1078681049451,191.19258660138178,676.095329048102,224.09730932077156,404.45178780279065,220.96897115062143,672.4392487459476,253.8736938700112,商软冠联信息有限公司
423.58908617958633,237.423873485108,790.8311622868755,282.5155305450126,419.9330058774319,267.20025803434766,787.175081984721,312.29191509425226,546930938429477
385.4904034699964,285.13645438149206,775.561041065036,333.031106339715,382.5655392282729,308.95756202088376,772.6361768233123,356.85221397910675,福建省梧州市孝南陈路a座 147-3527116
380.85936842060073,322.8532081438623,837.4305981756089,378.9131061102301,377.2032881184464,352.6295926931019,833.7745178734544,408.6894906594698,汉口银行城北支行 652187107453450856
1135.9231187536448,294.66220012714365,1731.4508097384378,367.78380617023214,1131.9014304212749,327.41622313130733,1727.4291214060681,400.53782917439577,1*04**2>13*8<14/137>621>231
1131.9014304212749,327.41622313130733,1727.4291214060681,400.53782917439577,1127.879742088905,360.1702461354709,1723.407433073698,433.2918521785594,9*<55775*<2630//0/5<60//++/
1127.879742088905,360.1702461354709,1723.407433073698,433.2918521785594,1123.8580537565351,392.92426913963453,1719.3857447413284,466.045875182723,4688>86*-9+89942<<>4<+9-13<
1123.8580537565351,392.92426913963453,1719.3857447413284,466.045875182723,1119.8363654241653,425.67829214379816,1715.3640564089583,498.79989818688665,9>>8342*310*<1>-*+4/788>70/
110.08777447092143,378.26750151615,316.5373740123165,403.6163249444206,106.5535635121721,407.0513399137483,313.00316305356716,432.40016334201897,历史等级继续学校
550.7782657996684,432.37748998803545,620.2564964145608,440.90834402639575,547.244054840919,461.1613283856338,616.7222854558116,469.6921824239941,主题*
753.2576807344981,457.23883604268553,779.0638806771724,460.40743897121934,749.7234697757488,486.0226744402839,775.5296697184232,489.19127736881774,就
921.9905265135228,477.9566244215606,981.5432956120021,485.2687850258694,918.4563155547736,506.74046281915895,978.0090846532529,514.0526234234678,292
1073.850087714645,496.60263396254817,1152.2612336943096,506.2303120915548,1070.3158767558957,525.3864723601465,1148.7270227355602,535.0141504891532,24.56
1240.597841190387,517.0766836546129,1408.3381408177706,537.6726026900828,1237.063630231638,545.8605220522113,1404.8039298590213,566.4564410876812,7171.52
1433.1517946088038,540.7193362752115,1492.704563707283,548.0314968795204,1429.6175836500543,569.5031746728099,1489.1703527485338,576.8153352771187,4%
1638.6088479985574,565.9462903600771,1745.80383237582,579.108179447833,1635.0746370398078,594.7301287576754,1742.2696214170708,607.8920178454314,286.86
106.43169416876697,408.04388606538964,261.2688938248132,427.0555036365926,102.89748321001775,436.82772446298793,257.73468286606396,455.83934203419096,组织通过状态
547.122185497514,462.1538745372751,616.6004161124065,470.6847285756354,543.5879745387647,490.93771293487345,613.0662051536572,499.46856697323375,怎么g
749.6016004323436,487.0152205919252,775.407800375018,490.183823520459,746.0673894735944,515.7990589895235,771.8735894162687,518.9676619180574,发
942.1555538507602,510.6578732125238,977.8872153098478,515.0451695751091,938.6213428920108,539.4417116101222,974.3530043510984,543.8290079727075,8
1070.1940074124907,526.3790185117878,1148.605153392155,536.0066966407944,1066.6597964537414,555.1628569093862,1145.070942433406,564.7905350383928,24.56
1249.84486085957,548.4373696681196,1404.6820605156163,567.4489872393225,1246.3106499008206,577.2212080657179,1401.147849556867,596.2328256369209,196.48
1429.4957143066492,570.4957208244512,1489.0484834051285,577.8078814287601,1425.9615033479,599.2795592220496,1485.5142724463794,606.5917198263584,4%
1660.7589676390771,598.8912778378506,1742.1477520736657,608.8845639970726,1657.224756680328,627.6751162354489,1738.6135411149164,637.668402394671,7.86
102.7756138666125,437.8202706146293,257.6128135226587,456.8318881858323,99.24140290786329,466.60410901222764,254.0786025639095,485.6157265834306,参加支持因为
543.4661051953595,491.93025908651475,612.9443358102521,500.46111312487506,539.9318942366103,520.7140974841132,609.4101248515028,529.2449515224735,自己g
745.9455201301893,516.7916051411648,771.7517200728636,519.9602080696986,742.4113091714399,545.5754435387632,768.2175091141144,548.744046467297,解
938.4994735486057,540.4342577617634,974.2311350076933,544.8215541243487,934.9652625898564,569.2180961593618,970.696924048944,573.6053925219471,8
1079.4410270816734,557.7397045252944,1144.9490730900006,565.7830811900342,1075.9068161229243,586.5235429228927,1141.4148621312513,594.5669195876325,2.65
1271.99498050009,581.382357145893,1401.0259802134617,597.2253717885621,1268.4607695413406,610.1661955434913,1397.4917692547124,626.0092101861605,21.20
1425.8396340044947,600.2721053736909,1485.3924031029742,607.5842659779997,1422.3054230457456,629.0559437712892,1481.8581921442249,636.368104375598,4%
1657.1028873369228,628.6676623870902,1738.4916717715112,638.6609485463123,1653.5686763781737,657.4515007846885,1734.9574608127618,667.4447869439107,0.85
99.11953356445815,467.59665516386895,460.40633276189936,511.9570961633426,95.58532260570882,496.3804935614673,456.87212180315004,540.740934560941,资料方式谢谢社区必须就是那些
539.8100248932051,521.7066436357544,609.2882555080977,530.2374976741147,536.2758139344558,550.4904820333528,605.7540445493484,559.0213360717131,自己h
742.2894398280348,546.5679896904045,768.0956397707091,549.7365926189383,738.7552288692855,575.3518280880029,764.5614288119599,578.5204310165367,行
911.0222856070595,567.2857780692796,970.5750547055388,574.5979386735884,907.4880746483103,596.069616466878,967.0408437467896,603.3817770711868,292
1049.9787468368445,584.3474861460003,1141.2929927878463,595.5594657392738,1046.4445358780954,613.1313245435986,1137.758781829097,624.3433041368721,582.04
1203.8234003412495,603.2372343737981,1397.3698999113074,627.0017563378018,1200.2891893825004,632.0210727713965,1393.835688952558,655.7855947354002,169955.68
1422.1835537023403,630.0484899229306,1481.7363228008198,637.3606505272394,1418.6493427435912,658.8323283205289,1478.2021118420703,666.1444889248377,4%
1614.7375071207568,653.6911425435292,1734.8355914693568,668.4373330955519,1611.2032961620075,682.4749809411275,1731.3013805106075,697.2211714931503,6798.23
1178.6655413865888,783.5150259423033,1348.3909333172546,804.3546836645835,1175.0094610844344,813.2914104915428,1344.7348530151003,834.1310682138231,￥177344.88
1522.0865098544862,825.6818187604842,1654.095148022782,841.8904414333689,1518.4304295523316,855.4582033097239,1650.4390677206275,871.6668259826085,￥7093.80
1401.1366105894458,875.3116673173421,1570.8620025201121,896.1513250396223,1397.4805302872915,905.0880518665817,1567.2059222179575,925.927709588862,￥184438.68
563.4276586041702,772.4539414833976,976.3268576869602,823.1515883399389,559.7715783020158,802.2303260326372,972.6707773848058,852.9279728891786,壹拾捌万肆仟肆佰叁拾捌圆陆角捌分
317.5388135757287,805.7357066195655,585.5262745188857,838.6404293389553,313.8827332735742,835.5120911688052,581.8701942167312,868.4168138881951,通际名联信息有限公司
354.7165862386737,847.5784266533105,712.0332008295496,891.4513902791637,351.06050593651935,877.3548112025503,708.3771205273952,921.2277748284034,082R5408445470R798
307.1799193862911,890.1021295090779,752.8331414732447,944.8214646979891,303.5238390841366,919.8785140583175,749.1770611710903,974.5978492472287,贵州省通辽市花溪姚路r座 854-7508352
302.5488843368955,927.8188832714482,752.1722910304144,983.0256958339799,298.89280403474106,957.5952678206877,748.5162107282599,1012.8020803832196,招商银行上海分行 771939069945324
167.91189482688696,957.6329916042797,221.5093870155183,964.2139361481577,164.2558145247325,987.4093761535194,217.85330671336385,993.9903206973974,刘帅
604.6322015490686,1011.2555027025446,658.2296937377,1017.8364472464225,600.9761212469141,1041.0318872517842,654.5736134355456,1047.6128317956623,王婷
996.6879314473907,1059.393893347578,1050.2854236360222,1065.9748378914558,993.0318511452363,1089.1702778968174,1046.6293433338676,1095.7512224406955,李云
194.76341513440298,166.88982045417413,497.4899913850062,129.71967071560414,200.61314361785014,214.53203573295758,503.33971986845324,177.3618859943876,1255654205
1532.401523242494,32.87380746689553,1673.3430767755617,15.568360703364647,1535.0826487974073,54.70982280300461,1676.024202330475,37.40437603947373,1255654205
1262.4993356136551,33.77331464695283,1485.8222197329526,6.352712380794628,1268.2271947536972,80.42298377409492,1491.5500788729946,53.00238150793666,48027988
1516.6941578854426,69.0577634908035,1677.4866344513368,49.31492985916964,1519.9846301573816,95.85650958511917,1680.777106723276,76.11367595348531,48027988
1429.2445481146055,128.15569704967083,1661.5003475986748,99.63827069286629,1432.90062841676,157.9320815989105,1665.1564279008294,129.41465524210594,1988年11月29日
329.6240109520302,321.6076917416069,597.611471895187,288.7029690222171,333.2800912541845,351.38407629084656,601.2675521973415,318.4793535714567,双敏电子科技有限公司
355.8297312463243,362.72046620231697,723.0718073536135,317.62880914241236,359.48581154847875,392.4968507515566,726.727887655768,347.4051936916521,655319700632557
330.40546025086974,418.23268507663045,699.6326286614415,372.89728932991557,333.33032449259326,442.05379271602214,702.557492903165,396.71839696930726,天津市璐县平山陈街O座 695-1121274
335.0364953002653,455.94943883900066,791.6077250552735,399.8895408726328,338.69257560241977,485.7258233882403,795.2638053574278,429.6659254218725,汉口银行上海分行 045402051142304571
1060.8516032160737,245.92937046180202,1656.3792942008672,172.80776441871353,1064.8732915484438,278.68339346596565,1660.4009825332369,205.56178742287716,87<<-1<>8><0146020222*42+32
1064.8732915484438,278.68339346596565,1660.4009825332369,205.56178742287716,1068.8949798808135,311.4374164701293,1664.422670865607,238.3158104270408,0-977698+7190519</>0000-+98
1068.8949798808135,311.4374164701293,1664.422670865607,238.3158104270408,1072.9166682131834,344.1914394742929,1668.4443591979766,271.0698334312044,11>2</26-95>81835647++*6*>-
1072.9166682131834,344.1914394742929,1668.4443591979766,271.0698334312044,1076.9383565455532,376.94546247845653,1672.4660475303465,303.82385643536804,>55*0523/2249+>6<723-+5>137
85.7139057898919,575.2232681555856,395.3883051019844,537.2000330131796,89.24811674864122,604.007106553184,398.92251606073364,565.983871410778,得到不能这种因此用户帖子
526.4043971186388,521.1132796837002,595.8826277335314,512.5824256453399,529.9386080773882,549.8971180812985,599.4168386922806,541.3662640429382,到了+
728.8838120534685,496.2519336290501,754.690011996143,493.0833307005162,732.4180230122179,525.0357720266484,758.2242229548922,521.8671690981146,个
897.6166578324933,475.534145250175,957.1694269309727,468.22198464586614,901.1508687912426,504.31798364777336,960.7036378897219,497.0058230434645,931
1036.5731190622785,458.47243717345435,1127.88736501328,447.2604575801808,1040.1073300210278,487.2562755710527,1131.4215759720294,476.04429597777914,449.85
1190.4177725666832,439.5826889456565,1383.964272136741,415.8181669816527,1193.9519835254325,468.3665273432548,1387.4984830954904,444.60200537925107,418810.35
1408.777925927774,412.77143339652406,1468.3306950262536,405.4592727922152,1412.3121368865236,441.5552717941224,1471.8649059850027,434.24311118981353,18%
1588.4287793748535,390.71308224019236,1721.4299636947906,374.3825902239026,1591.9629903336026,419.4969206377907,1724.9641746535399,403.1664286215009,75385.86
89.36998609204636,604.9996527048253,450.6567852894875,560.6392117053516,92.90419705079557,633.7834911024237,454.19099624823684,589.4230501029499,时候科技北京如此一下地区帖子
530.0604774207933,550.8896642329398,599.5387080356859,542.3588101945795,533.5946883795426,579.6735026305381,603.0729189944352,571.1426485921778,帮助+
732.539892355623,526.0283181782897,758.3460922982974,522.8597152497559,736.0741033143722,554.812156575888,761.8803032570466,551.6435536473542,人
925.0938457740394,502.38566555769114,960.825507233127,497.99836919510585,928.6280567327888,531.1695039552894,964.3597181918764,526.7822075927041,2
1053.13229933577,486.6645202584271,1131.5434453154344,477.03684212942045,1056.6665102945194,515.4483586560254,1135.0776562741837,505.8206805270188,90.56
1232.7831527828494,464.6061691020954,1387.6203524388955,445.59455153089243,1236.3173637415985,493.39000749969375,1391.1545633976448,474.3783899284907,181.12
1412.4340062299286,442.5478179457637,1471.986775328408,435.23565734145484,1415.968217188678,471.33165634336206,1475.520986287157,464.01949573905324,18%
1643.6972595623565,414.15226093236436,1725.0860439969451,404.1589747731423,1647.2314705211058,442.9360993299627,1728.6202549556942,432.9428131707406,32.60
93.02606639420071,634.7760372540649,454.312865591642,590.4155962545913,96.56027735295004,663.5598756516633,457.84707655039125,619.1994346521897,这样但是是一行业威望准备注意
533.7165577229478,580.6660487821795,603.1947883378402,572.1351947438192,537.2507686816971,609.4498871797778,606.7289992965896,600.9190331414175,语言!
736.1959726577775,555.8047027275294,762.0021726004518,552.6360997989956,739.7301836165267,584.5885411251277,765.5363835592011,581.4199381965939,件
904.9288184368022,535.0869143486543,964.4815875352815,527.7747537443455,908.4630293955514,563.8707527462527,968.0157984940308,556.5585921419438,185
1043.8852796665872,518.0252062719337,1135.199525617589,506.8132266786601,1047.4194906253365,546.809044669532,1138.733736576338,535.5970650762584,449.85
1210.6330331423294,497.5511565798689,1391.27643274105,475.3709360801321,1214.1672441010787,526.3349949774672,1394.8106436997991,504.15477447773037,83222.25
1416.090086532083,472.32420249500336,1475.6428556305623,465.0120418906945,1419.6242974908323,501.1080408926017,1479.1770665893116,493.7958802882929,18%
1595.7409399791622,450.2658513386717,1728.7421242990995,433.93535932238194,1599.2751509379116,479.04968973627,1732.2763352578486,462.71919771998023,14980.01
96.68214669635518,664.5524218033046,406.35654600844765,626.5291866608986,100.2163576551045,693.336260200903,409.8907569671969,655.3130250584969,女人以上发生数据选择等级
537.3726380251021,610.4424333314191,606.8508686399947,601.9115792930588,540.9068489838514,639.2262717290175,610.3850795987439,630.6954176906571,状态~
739.8520529599318,585.581087276769,765.6582529026063,582.4124843482352,743.3862639186812,614.3649256743674,769.1924638613555,611.1963227458335,广
908.5848987389566,564.863298897894,968.1376678374359,557.5511382935852,912.1191096977059,593.6471372954924,971.6718787961852,586.3349766911834,931
1047.5413599687417,547.8015908211734,1138.8556059197433,536.5896112278998,1051.0755709274908,576.5854292187717,1142.3898168784926,565.3734496254981,449.85
1201.3860134731467,528.9118425933755,1394.9325130432044,505.14732062937173,1204.9202244318958,557.6956809909739,1398.4667240019537,533.93115902697,418810.35
1419.7461668342376,502.10058704424307,1479.2989359327166,494.7884264399342,1423.2803777929867,530.8844254418414,1482.8331468914662,523.5722648375325,18%
1599.3970202813166,480.0422358879114,1732.3982046012538,463.7117438716216,1602.9312312400662,508.82607428550966,1735.9324155600032,492.4955822692199,75385.86
1220.5885955179594,709.9208502223115,1390.3139874486255,689.0811925000313,1224.244675820114,739.6972347715512,1393.97006775078,718.857577049271,￥921024.07
1564.0095639858569,667.7540574041304,1733.734955916523,646.9143996818502,1567.6656442880112,697.5304419533702,1737.3910362186775,676.69078423109,￥165784.33
1458.6589406766757,745.170116257362,1647.2427094885268,722.0149410103838,1462.31502097883,774.9465008066015,1650.8987897906811,751.7913255596236,￥1086808.40
620.9499886913999,848.0278420913064,1033.8491877741899,797.330195234765,624.6060689935543,877.8042266405461,1037.5052680763442,827.1065797840047,壹佰零拾捌万陆仟捌佰零拾捌圆肆角
390.41668093200684,939.8068920619451,685.2028879694794,903.6116970706163,394.07276123416125,969.5832766111847,688.8589682716339,933.3880816198559,新格林耐特网络有限公司
436.6127850069328,971.4125872496578,734.3766304993294,934.8517842281135,440.26886530908723,1001.1889717988975,738.0327108014839,964.6281687773533,091305139865017
400.7755751214444,1024.1733149514575,819.6300511140823,972.7444520344852,404.4316554235988,1053.949699500697,823.2861314162367,1002.5208365837249,安徽省斌县高港刘街L座 671-0912942
405.40661017083994,1061.8900687138275,935.4262551473059,996.8118393354789,409.0626904729944,1091.6664532630673,939.0823354494604,1026.5882238847184,EBA银行龙阳大道支行 190091942295288
281.98160025410493,1123.3902063319977,362.37783853705196,1113.5187895161807,285.6376805562594,1153.1665908812374,366.0339188392064,1143.2951740654203,艾凤兰
718.7019069762866,1069.7676952337329,772.299399164918,1063.1867506898548,722.357987278441,1099.5440797829724,775.9554794670725,1092.9631352390943,陈荣
1110.7576368746088,1021.6293045886996,1164.3551290632402,1015.0483600448215,1114.4137171767632,1051.4056891379391,1168.0112093653945,1044.8247445940613,朱荣
