285.8337959394797,39.85434338874484,590.0908312687262,61.13006788070311,282.4854851997618,87.73741780121645,586.7425205290082,109.01314229317467,0235371675
1624.4671852763597,163.533965608644,1766.1212804132547,173.43938488030977,1622.932542853989,185.48037471436015,1764.586637990884,195.38579398602593,0235371675
1359.3522269665389,112.91718103690408,1583.8041382749993,128.61238762933226,1356.073672700565,159.80269139911582,1580.5255840090254,175.497897991544,01328231
1602.144184163863,196.05601384259552,1763.7495603059547,207.35656258914378,1600.2607593727716,222.9902431996108,1761.8661355148631,234.29079194615906,01328231
1505.0248526997216,237.3819797231193,1738.4548404605202,253.7049945792446,1502.9321584873978,267.30890123091405,1736.3621462481965,283.6319160870394,1992年03月03日
388.69506118285824,217.46222641348936,604.1688960389803,232.52962474222045,386.6023669705345,247.38914792128412,602.0762018266565,262.4565462500152,迪摩传媒有限公司
406.57462139357307,262.8199305735483,775.673319989708,288.62982585887465,404.4819271812493,292.74685208134304,773.5806257773843,318.5567473666694,308743467142118
371.0252351505642,312.46105402724714,784.0167519581314,341.340234157315,369.35107978070516,336.4025912334829,782.3425965882724,365.2817713635508,吉林省长沙县兴山西安街S座 896-8433005
368.37448914828735,350.36848793712045,931.0006134948283,389.71113912880713,366.2817949359636,380.2954094449152,928.9079192825045,419.63806063660184,EBA银行北京东三环支行 334540193107544026
1120.9280474914112,282.699131319059,1719.466477647306,324.5530155655342,1118.626083857855,315.6187449776332,1717.1645140137498,357.4726292241084,869>9502136/5-67-57>42/>-+2
1118.626083857855,315.6187449776332,1717.1645140137498,357.4726292241084,1116.3241202242991,348.5383586362074,1714.8625503801936,390.3922428826826,67424987/92*2-7<7/6819+>02+
1116.3241202242991,348.5383586362074,1714.8625503801936,390.3922428826826,1114.022156590743,381.4579722947816,1712.5605867466375,423.3118565412568,1767--12921684224/-+796-7++
1114.022156590743,381.4579722947816,1712.5605867466375,423.3118565412568,1111.7201929571868,414.37758595335583,1710.2586231130813,456.231470199831,+6*-*4>3*/464-86>70<420864+
100.87413829073046,419.8779282390242,308.3674607447739,434.3872747778022,98.85120055215089,448.80728569655906,306.3445230061943,463.3166322353371,不同名称到了等级
543.7925766060923,450.8498025814158,613.6220601242801,455.7327557435046,541.7696388675128,479.7791600389507,611.5991223857004,484.66211320103946,开发-
747.2956428590965,465.08012322521733,773.2323081658519,466.8937915425646,745.2727051205169,494.00948068275227,771.2093704272723,495.82314900009953,告
904.9107628001487,476.10164607678917,976.735374418856,481.1241121863662,902.8878250615692,505.03100353432404,974.7124366802765,510.05346964390105,1394
1069.5088310930198,487.61146424456985,1148.3163910635458,493.12222567035576,1067.4858933544401,516.5408217021047,1146.2934533249663,522.0515831278906,18.02
1224.1312588832925,498.42371767490926,1405.6879160305805,511.11939589634005,1222.1083211447128,527.3530751324441,1403.6649782920008,540.048753353875,25119.88
1430.6270172870761,512.8633077399431,1490.4808603026654,517.0486961645908,1428.6040795484964,541.7926651974781,1488.457922564086,545.9780536221256,15%
1624.154443037482,526.3960636463034,1744.8596931189209,534.8365969693426,1622.1315052989025,555.3254211038384,1742.8367553803412,563.7659544268776,3767.98
98.78144407840671,449.8048497468189,306.27476653245014,464.31419628559695,96.75850633982702,478.73420720435377,304.25182879387046,493.2435537431319,之间日本最新情况
541.6998823937686,480.7767240892105,611.5293659119563,485.6596772512993,539.676944655189,509.7060815467454,609.5064281733767,514.5890347088342,的是~
745.2029486467727,495.0070447330121,771.1396139535282,496.82071305035936,743.1800109081931,523.936402190547,769.1166762149486,525.7500705078942,两
938.7303743971787,508.5398006393724,974.6426802065323,511.0510336941609,936.707436658599,537.4691580969073,972.6197424679527,539.9803911516958,4
1067.416136880696,517.5383857523645,1146.223696851222,523.0491471781504,1065.3931991421164,546.4677432098995,1144.2007591126426,551.9785046356853,18.02
1260.943562631102,531.0711416587249,1403.5952218182567,541.0463174041348,1258.9206248925223,560.0004991162598,1401.572284079677,569.9756748616696,72.08
1428.5343230747524,542.7902292477379,1488.3881660903417,546.9756176723854,1426.5113853361727,571.7195867052728,1486.3652283517622,575.9049751299203,15%
1647.9984141319137,558.1366534714455,1742.766998906597,564.7635184771374,1645.975476393334,587.0660109289804,1740.7440611680172,593.6928759346723,10.81
96.68874986608296,479.7317712546136,356.0554029336372,497.8684544280862,94.66581212750327,508.6611287121485,354.0324651950575,526.7978118856211,开始工程基本标题可以
539.6071881814448,510.7036455970052,609.4366716996326,515.586598759094,537.5842504428653,539.6330030545402,607.4137339610529,544.5159562166289,类别h
743.110254434449,524.9339662408069,769.0469197412044,526.747634558154,741.0873166958694,553.8633236983417,767.0239820026247,555.6769920156889,阅
936.637680184855,538.4667221471672,972.5499859942086,540.9779552019556,934.6147424462753,567.396079604702,970.527048255629,569.9073126594906,4
1065.3234426683723,547.4653072601593,1144.1310026388983,552.9760686859452,1063.3005049297926,576.3946647176941,1142.1080649003188,581.9054261434801,18.02
1258.8508684187782,560.9980631665196,1401.502527605933,570.9732389119295,1256.8279306801985,589.9274206240545,1399.4795898673533,599.9025963694644,72.08
1426.4416288624286,572.7171507555327,1486.295471878018,576.9025391801802,1424.418691123849,601.6465082130676,1484.2725341394384,605.8318966377151,15%
1645.90571991959,588.0635749792402,1740.6743046942734,594.6904399849321,1643.8827821810103,616.9929324367752,1738.6513669556934,623.619797442467,10.81
94.59605565375921,509.65869276240835,457.7093699483352,535.0500492052699,92.57311791517952,538.5880502199433,455.6864322097556,563.9794066628049,一直支持中文经济一样或者生活
537.5144939691211,540.6305671048,607.3439774873088,545.5135202668887,535.4915562305415,569.5599245623349,605.3210397487292,574.4428777244236,地址g
741.0175602221252,554.8608877486015,766.9542255288807,556.6745560659488,738.9946224835456,583.7902452061364,764.931287790301,585.6039135234837,读
910.6034487662954,566.7194882851028,970.4572917818848,570.9048767097504,908.5805110277157,595.6488457426377,968.4343540433052,599.8342341672852,344
1063.2307484560486,577.392228767954,1142.0383084265745,582.9029901937399,1061.2078107174689,606.3215862254889,1140.015370687995,611.8323476512749,23.16
1230.821508899699,589.1113163569671,1399.4098333936092,600.9001604197242,1228.7985711611193,618.0406738145019,1397.3868956550295,629.8295178772591,7967.04
1424.3489346501049,602.6440722633274,1484.2027776656942,606.8294606879749,1422.3259969115252,631.5734297208622,1482.1798399271147,635.7588181455097,15%
1617.8763604005107,616.1768281696877,1738.5816104819496,624.6173614927268,1615.853422661931,645.1061856272225,1736.5586727433697,653.5467189502617,1195.06
1189.1964732207332,768.6450357656754,1340.8262088602264,779.2480197747825,1187.1037790084094,798.5719572734702,1338.7335146479027,809.1749412825773,￥33231.08
1534.3536346106325,792.7807756811428,1667.0296532951888,802.0583866891114,1532.2609403983088,822.7076971889376,1664.936959082865,831.9853081969062,￥4984.66
1416.1669185613885,848.6726368909412,1567.7966542008817,859.2756209000484,1414.0742243490647,878.599558398736,1565.703959988558,889.2025424078431,￥38215.74
574.2228601420968,789.7981730508995,937.3361744366728,815.1895294937611,572.130165929773,819.7250945586942,935.243480224349,845.1164510015558,叁万捌仟贰佰壹拾伍圆柒角肆分
330.41283023385904,835.9031545186783,599.7551238040116,854.7374024295922,328.3201360215353,865.8300760264731,597.6624295916879,884.6643239373869,图龙信息信息有限公司
369.72953081623905,875.7427962755451,728.8525889097758,900.8551268234302,367.6368366039153,905.6697177833398,726.7598946974521,930.7820483312249,920775337220192311
324.48352996560845,920.6960987907634,799.3240178892847,953.900180292967,322.3908357532846,950.6230202985581,797.231323676961,983.8271018007617,海南省潜江县清城嘉禾路R座 481-4290905
321.8327839633316,958.6035327006367,800.6635280880473,992.0866400978168,319.7400897510079,988.5304542084314,798.5708338757236,1022.0135616056116,EBA银行上海分行 458152966696696
188.94065963732487,995.4231374258524,242.80911835135532,999.1899870080351,186.84796542500112,1025.350058933647,240.71642413903146,1029.11690851583,陶宇
627.8688417516474,1026.1159858732676,681.7373004656779,1029.8828354554503,625.7761475393237,1056.0429073810622,679.6446062533541,1059.809756963245,王敏
1021.906641604278,1053.669793002197,1075.7751003183084,1057.4366425843798,1019.8139473919542,1083.5967145099917,1073.6824061059847,1087.3635640921743,梁玲
217.1934257752605,130.54263115558814,521.4504611045069,109.26690666362992,220.54173651497842,178.4257055680597,524.7987718442249,157.14998107610148,6293783890
1560.012203536788,66.71685195127844,1701.666298673683,56.81143267961261,1561.5468459591589,88.6632610569946,1703.2009410960538,78.75784178532882,6293783890
1290.432830907343,53.48953730638971,1514.8847422158037,37.79433071396147,1293.711385173317,100.37504766860138,1518.1632964817775,84.6798410761732,30725621
1542.4326426388916,102.02915913499493,1704.0380187809833,90.72861038844667,1544.316067429983,128.9633884920102,1705.9214435720746,117.66283974546195,30725621
1452.0099326541863,156.46934207941428,1685.4399204149852,140.14632722328895,1454.10262686651,186.39626358720903,1687.532614627309,170.0732487310837,1986年02月19日
343.7718920916416,292.1065252191838,559.2457269477636,277.03912689045274,345.8645863039653,322.0334467269786,561.3384211600874,306.9660483982475,天益科技有限公司
367.79002199183935,334.5344574819894,736.8887205879744,308.72456219666304,369.8827162041632,364.4613789897842,738.9814148002981,338.65148370445786,493625703917959
339.4953090182195,388.63999525531233,731.5379807703305,361.22570107387105,341.1694643880785,412.58153246154814,733.2121361401895,385.16723828010686,甘肃省广州县南长朱路g座 721-3428526
342.1460550204963,426.54742916518563,811.0011586426136,393.76188650544674,344.23874923282006,456.47435067298034,813.0938528549375,423.68880801324144,招商银行龙阳大道支行 295120290549028
1077.95805966503,254.8014137208893,1676.4964898209246,212.94752947441407,1080.2600232985862,287.72102737946346,1678.7984534544808,245.86714313298825,9+92>32+4-9791-156421545741
1080.2600232985862,287.72102737946346,1678.7984534544808,245.86714313298825,1082.5619869321424,320.64064103803764,1681.100417088037,278.7867567915625,0+4934>>>+5101--31-2<9-*><7
1082.5619869321424,320.64064103803764,1681.100417088037,278.7867567915625,1084.8639505656986,353.5602546966119,1683.402380721593,311.70637045013666,531*1/32965>1140352>0/16703
1084.8639505656986,353.5602546966119,1683.402380721593,311.70637045013666,1087.1659141992545,386.47986835518606,1685.7043443551493,344.6259841087109,1632+>->858-229/-87-/5>5715
86.92284354190542,532.609261709011,294.41616599594886,518.099915170233,88.945781280485,561.5386191665459,296.43910373452843,547.0292726277678,文章不断学校留言
529.8412818572674,501.63738736661935,599.6707653754551,496.7544342045306,531.864219595847,530.5667448241543,601.6937031140346,525.6837916620655,当前/
733.3443481102714,487.40706672281783,759.2810134170269,485.59339840547057,735.3672858488511,516.3364241803527,761.3039511556066,514.5227558630055,中
902.9302366544416,475.5484661863165,962.784079670031,471.363077761669,904.9531743930212,504.4778236438514,964.8070174086107,500.29243521920387,306
1042.589203690817,465.78255986213895,1134.3650963147209,459.3649642776794,1044.6121414293966,494.7119173196739,1136.3880340533005,488.29432173521434,363.64
1197.2116314810896,454.97030643179954,1391.7366212817556,441.3677940516951,1199.2345692196693,483.8996638893344,1393.759559020335,470.29715150923005,111273.84
1416.6757225382512,439.62388220809197,1476.5295655538405,435.43849378344447,1418.6986602768307,468.55323966562685,1478.5525032924202,464.36785124097935,9%
1597.2348156352791,426.9979604604053,1730.9083983700957,417.6505929786925,1599.2577533738588,455.9273179179402,1732.9313361086752,446.5799504362274,10014.65
89.01553775422917,562.5361832168057,452.1288520488052,537.1448267739441,91.03847549280874,591.4655406743407,454.1517897873848,566.074184231479,美国中文音乐男人不同免费浏览
531.9339760695912,531.5643088744141,601.7634595877788,526.6813557123253,533.9569138081707,560.493666331949,603.7863973263584,555.6107131698602,相关g
735.4370423225953,517.3339882306125,761.3737076293506,515.5203199132653,737.4599800611749,546.2633456881474,763.3966453679303,544.4496773708001,们
905.0229308667654,505.47538769411125,964.8767738823548,501.2899992694637,907.0458686053449,534.4047451516461,966.8997116209345,530.2193567269986,306
1070.6185632098961,493.89581305258645,1136.4577905270446,489.29188578547416,1072.6415009484758,522.8251705101213,1138.4807282656243,518.2212432430091,5.94
1225.2409910001688,483.083559622247,1393.8293154940793,471.2947155594899,1227.2639287387485,512.0129170797819,1395.8522532326588,500.22407301702475,1817.64
1418.768416750575,469.5508037158867,1478.6222597661642,465.3654152912392,1420.7913544891544,498.4801611734216,1480.645197504744,494.2947727487741,9%
1625.2641751543583,455.11121365085273,1733.0010925824195,447.57751448648725,1627.287112892938,484.04057110838767,1735.024030320999,476.5068719440221,163.59
91.10823196655292,592.4631047246005,298.60155442059636,577.9537581858224,93.1311697051326,621.3924621821353,300.62449215917604,606.8831156433573,就是同时特别有限
534.0266702819149,561.4912303822089,603.8561538001026,556.60827722012,536.0496080204945,590.4205878397437,605.8790915386821,585.537634677655,北京+
737.529736534919,547.2609097384072,763.4664018416744,545.44724142106,739.5526742734986,576.1902671959422,765.4893395802541,574.3765988785949,是
919.086393682207,534.5652315169765,966.9694680946785,531.2169207772585,921.1093314207866,563.4945889745113,968.9924058332582,560.1462782347934,13
1046.7745921154644,525.6364028777284,1138.5504847393684,519.2188072932689,1048.7975298540441,554.5657603352633,1140.573422477948,548.1481647508037,363.64
1227.3336852124926,513.0104811300417,1395.922009706403,501.2216370672845,1229.3566229510723,541.9398385875767,1397.9449474449825,530.1509945248195,4727.32
1420.8611109628987,499.47772522368143,1480.714953978488,495.29233679903393,1422.8840487014782,528.4070826812164,1482.7378917170677,524.2216942565688,9%
1627.356869366682,485.0381351586475,1735.0937867947432,477.50443599428195,1629.379807105262,513.9674926161824,1737.116724533323,506.4337934518169,425.46
93.20092617887667,622.3900262323951,404.4409098599418,600.6260064242281,95.22386391745636,651.3193836899301,406.46384759852145,629.555363881763,发现业务不断项目最大有限
536.1193644942387,591.4181518900035,605.9488480124263,586.5351987279148,538.1423022328182,620.3475093475384,607.9717857510059,615.4645561854496,管理l
739.6224307472428,577.187831246202,765.5590960539981,575.3741629288547,741.6453684858224,606.1171887037369,767.5820337925778,604.3035203863897,只
921.1790878945308,564.4921530247711,969.0621623070024,561.1438422850532,923.2020256331103,593.4215104823061,971.085100045582,590.073199742588,13
1061.835618981166,554.6564902268495,1140.643178951692,549.1457288010636,1063.8585567197456,583.5858476843844,1142.6661166902718,578.0750862585985,45.43
1242.394712078194,542.0305684791629,1398.0147039187268,531.1485585750793,1244.4176498167737,570.9599259366977,1400.0376416573063,560.0779160326142,590.59
1422.9538051752224,529.4046467314762,1482.8076481908117,525.2192583068286,1424.976742913802,558.334004189011,1484.8305859293914,554.1486157643635,9%
1642.4178962323836,514.0582225077686,1737.186481007067,507.4313575020767,1644.4408339709635,542.9875799653034,1739.2094187456466,536.3607149596115,53.15
1213.1927001887123,726.516997523704,1383.7761527831422,714.5886405134587,1215.2853944010362,756.4439190314988,1385.8688469954661,744.5155620212533,￥118409.39
1558.3498615786116,702.3812576082368,1709.9795972181048,691.7782735991296,1560.4425557909353,732.3081791160314,1712.0722914304285,721.7051951069244,￥10656.85
1449.0919741686157,774.1775948316958,1619.6754267630454,762.2492378214504,1451.1846683809395,804.1045163394905,1621.7681209753691,792.1761593292451,￥129066.24
607.1479157493239,833.0520586717375,1022.1345606574108,804.0333655941814,609.2406099616477,862.9789801795323,1024.2272548697347,833.9602871019761,壹拾贰万玖仟零佰陆拾陆圆贰角肆分
372.127201532846,912.6401475366965,641.4694951029985,893.8058996257827,374.21989574516977,942.5670690444913,643.5621893153223,923.7328211335774,图龙信息信息有限公司
416.6058811722913,946.6202454990568,715.8750962502386,925.6933033758191,418.698575384615,976.5471670068515,717.9677904625623,955.6202248836139,337938395891144
378.0565018010966,997.4330918087817,879.8312190817883,962.3455855154866,380.14919601342035,1027.3600133165764,881.923913294112,992.2725070232813,黑龙江省六盘水市合川史街L座 634-7175742
380.70724780337343,1035.340525718655,859.537991928089,1001.8574183214748,382.7999420156972,1065.2674472264496,861.6306861404128,1031.7843398292694,EBA银行城北支行 444095530912058
254.23271906182606,1090.296813617343,335.0354071328718,1084.646539244069,256.3254132741498,1120.2237351251379,337.12810134519555,1114.5734607518636,童丽华
693.1609011761486,1059.603965169928,747.0293598901792,1055.8371155877453,695.2535953884725,1089.5308866777227,749.122054102503,1085.7640370955398,金斌
1087.1987010287794,1032.0501580409984,1141.0671597428097,1028.2833084588158,1089.2913952411031,1061.9770795487932,1143.1598539551335,1058.2102299666103,裴杨
