276.6924288372984,50.657267808081656,581.2744369374433,66.61973446217945,274.18030293763707,98.59148547630116,578.762311037782,114.55395213039901,9246457110
1617.2804448601573,150.95567904123533,1759.0858387953067,158.3873848277334,1616.1290538228125,172.92552880583594,1757.934447757962,180.35723459233395,9246457110
1351.3224801457056,104.97349765598005,1576.0141254654848,116.74908781064238,1348.8626902022872,151.90908578944504,1573.5543355220664,163.68467594410737,54545837
1595.5284316528057,183.862364098032,1757.3064162830467,192.3407890093889,1594.115360834246,210.82536153640547,1755.893345464487,219.30378644776238,54545837
1499.1451294862145,226.87700187941476,1732.8244406187846,239.1236156402636,1497.575050798926,256.835887922052,1731.2543619314965,269.08250168290084,2009年12月27日
382.63771277277385,226.44292368429774,679.2306845948823,241.98670268845206,381.06763408548545,256.4018097269349,677.660605907594,271.94558873108923,新格林耐特科技有限公司
401.30615092793033,271.4816782946008,770.7990787871227,290.84598210448996,399.736072240642,301.440564337238,769.2290000998344,320.8048681471272,856663399156617
366.628536091151,321.7356635020644,822.0036039392367,345.60085954884676,365.37247314132037,345.7027723361742,820.7475409894059,369.56796838295656,西藏自治区南昌市崇文阜新街J座 761-3273152
364.63976975391915,359.6835858227382,859.9600189921877,385.64222011923835,363.06969106663075,389.64247186537546,858.3899403048994,415.6011061618756,EBA银行龙阳大道支行 554604946507851
1115.8977174299844,278.89066500942545,1715.0754382827288,310.2922387551917,1114.1706308739672,311.8454396563264,1713.3483517267116,343.24701340209265,9++208/4337919905>242062778
1114.1706308739672,311.8454396563264,1713.3483517267116,343.24701340209265,1112.44354431795,344.80021430322734,1711.6212651706944,376.2017880489936,53/*45>6*593>554-83+-77><<<
1112.44354431795,344.80021430322734,1711.6212651706944,376.2017880489936,1110.716457761933,377.7549889501282,1709.8941786146775,409.15656269589454,436>>4336+49-2619+6>265>639
1110.716457761933,377.7549889501282,1709.8941786146775,409.15656269589454,1108.9893712059159,410.7097635970292,1708.1670920586603,442.1113373427955,97><37+582>256225<8636169>4
98.39326749884162,433.85096434548944,306.108210727793,444.73684324402177,96.87552476779626,462.8112208533721,304.59046799674763,473.6970997519044,如此为了今天男人
541.7847809298725,457.08812891735647,611.6888483626926,460.75164585436255,540.2670381988271,486.04838542523913,610.1711056316472,489.7119023622452,计划g
745.5052060198055,467.76466399091703,771.4695739234244,469.12539885323355,743.9874632887602,496.7249204987997,769.9518311923791,498.0856553611162,是
927.255781345138,477.28980802713284,975.1899990133575,479.8019339267941,925.7380386140926,506.25006453501544,973.6722562823121,508.76219043467677,27
1055.0803617937233,483.98881042622963,1146.9542789911443,488.80371840058046,1053.562619062678,512.9490669341122,1145.4365362600988,517.7639749084631,868.82
1222.850123632492,492.78125107504417,1404.6006989578243,502.30639511126,1221.3323809014464,521.7415075829268,1403.0829562267788,531.2666516191426,23458.14
1429.5664373266886,503.61479401733357,1489.484209411963,506.7549513919102,1428.0486945956432,532.5750505252162,1487.9664666809176,535.7152078997929,4%
1636.2827510208854,514.4483369596229,1744.1347407743792,520.1006202338608,1634.76500828984,543.4085934675056,1742.616998043334,549.0608767417435,938.33
96.82318881155334,463.8098503881266,460.32433946221823,482.86013846055823,95.30544608050798,492.7701068960093,458.8065967311729,511.82039496844084,女人责任系列自己什么以后推荐
540.214702242584,487.0470149599937,610.1187696754043,490.7105318969998,538.6969595115388,516.0072714678763,608.6010269443589,519.6707884048824,您的g
743.9351273325171,497.72355003355426,769.8994952361361,499.0842848958708,742.4173846014719,526.6838065414369,768.3817525050907,528.0445414037534,务
925.6857026578497,507.24869406977,973.6199203260692,509.76081996943134,924.1679599268043,536.2089505776527,972.1021775950238,538.721076477314,27
1079.474651010054,515.3084313311833,1145.3842003038558,518.7626044432177,1077.9569082790085,544.268687839066,1143.8664575728105,547.7228609511003,0.97
1260.2265968006318,524.7812394111562,1403.030620270536,532.2652811538971,1258.7088540695866,553.7414959190388,1401.5128775394905,561.2255376617799,26.19
1427.9963586394001,533.5736800599708,1487.9141307246746,536.7138374345474,1426.4786159083549,562.5339365678534,1486.3963879936293,565.6740939424301,4%
1660.6770402372158,545.7679578645767,1742.5646620870912,550.059506276498,1659.1592975061706,574.7282143724593,1741.0469193560457,579.0197627843808,1.05
95.25311012426505,493.76873643076385,458.75426077492995,512.8190245031954,93.73536739321969,522.7289929386465,457.23651804388453,541.7792810110781,图片看到支持学习法律系统有些
538.6446235552958,517.0059010026309,608.548690988116,520.669417939637,537.1268808242504,545.9661575105135,607.0309482570706,549.6296744475196,目前/
742.3650486452289,527.6824360761915,768.3294165488478,529.043170938508,740.8473059141835,556.6426925840741,766.8116738178024,558.0034274463907,牌
924.1156239705613,537.2075801124072,972.0498416387809,539.7197060120685,922.5978812395159,566.1678366202899,970.5320989077355,568.6799625199512,27
1051.9402044191468,543.906582511504,1143.8141216165675,548.7214904858549,1050.4224616881015,572.8668390193867,1142.2963788855222,577.6817469937375,868.82
1219.7099662579153,552.6990231603186,1401.4605415832475,562.2241671965344,1218.1922235268698,581.6592796682013,1399.9427988522023,591.184423704417,23458.14
1426.426279952112,563.532566102608,1486.3440520373865,566.6727234771846,1424.9085372210666,592.4928226104906,1484.826309306341,595.6329799850672,4%
1633.1425936463088,574.3661090448974,1740.9945833998027,580.0183923191353,1631.6248509152633,603.32636555278,1739.4768406687574,608.9786488270179,938.33
93.68303143697676,523.7276224734011,457.1841820876416,542.7779105458326,92.16528870593129,552.6878789812837,455.66643935659624,571.7381670537153,对于这些发布一定关于分析等级
537.0745448680075,546.9647870452682,606.9786123008276,550.6283039822742,535.5568021369621,575.9250435531508,605.4608695697823,579.5885604901569,资料+
740.7949699579406,557.6413221188287,766.7593378615595,559.0020569811452,739.2772272268952,586.6015786267113,765.2415951305142,587.9623134890279,对
898.5784364491633,565.9104032052138,970.4797629514926,569.6785920547057,897.0606937181178,594.8706597130964,968.9620202204471,598.6388485625884,1874
1076.3344936354774,575.2262034164578,1142.2440429292792,578.680376528492,1074.816750904432,604.1864599243404,1140.726300198234,607.6406330363748,0.97
1231.1220715224363,583.3382766341141,1399.8904628959592,592.1830532391716,1229.604328791391,612.2985331419967,1398.372720164914,621.1433097470542,1817.78
1424.8562012648235,593.4914521452451,1484.773973350098,596.6316095198218,1423.338458533778,622.4517086531279,1483.2562306190525,625.5918660277044,4%
1644.55469891083,605.0053625186929,1739.4245047125146,609.9772783617725,1643.0369561797845,633.9656190265755,1737.9067619814691,638.9375348696551,72.71
1192.6366709783379,763.5711092284012,1344.428360261033,771.5261745773287,1191.0665922910496,793.5299952710384,1342.8582815737448,801.4850606199659,￥48760.25
1538.1624900034203,781.6793500884597,1670.9802181257787,788.6400322687713,1536.5924113161323,811.638236131097,1669.4101394384907,818.5989183114085,￥1950.41
1420.9692218418506,839.6253413010569,1572.7609111245458,847.5804066499843,1419.3991431545624,869.584227343694,1571.1908324372575,877.5392926926215,￥50710.66
578.1258945089903,795.4537942320123,941.6270451596552,814.5040823044438,576.555815821702,825.4126802746495,940.0569664723669,844.462968347081,伍万零仟柒佰壹拾零圆陆角陆分
335.1576409245871,845.8068254232439,550.8616204315751,857.1113919717197,333.5875622372988,875.7657114658812,549.2915417442867,887.070278014357,南康网络有限公司
375.1636510032903,884.9542283713668,674.7525114296625,900.6550152442499,373.593572316002,914.913114414004,673.1824327423742,930.6139012868871,045I32522272665
330.7090846439369,930.6903358773827,779.0937457487405,954.1891802304644,329.1390059566486,960.6492219200198,777.5236670614522,984.1480662731017,福建省通辽县静安王路R座 922-9309461
328.72031830670494,968.6382581980565,823.041938010219,994.5445565383136,327.15023961941665,998.5971442406938,821.4718593229308,1024.5034425809508,招商银行上海分行 869744157792889189
196.49102480143506,1007.7715424851842,277.38001711655556,1012.0107549408626,194.92094611414677,1037.7304285278215,275.8099384292673,1041.9696409834999,李秀兰
635.8880200934475,1030.7993632320795,689.8140149701945,1033.6255048691983,634.3179414061592,1060.7582492747167,688.2439362829061,1063.5843909118357,何磊
1030.3466863215042,1051.4720659480422,1084.2726811982511,1054.2982075851612,1028.776607634216,1081.4309519906794,1082.7026025109628,1084.2570936277984,韩玉
233.26030955665976,106.98377679024964,538.074511797484,96.33943029598686,234.9354853983798,154.9545364871662,539.749687639204,144.31018999290342,9999071942
1577.4885659713996,90.06057803266117,1719.4020634081112,85.10484950090608,1578.2563548988546,112.04717622708125,1720.1698523355662,107.09144769532611,9999071942
1308.5350404358019,67.43313668432035,1533.3979765150984,59.58074992625768,1310.1753167808195,114.40450555421785,1535.0382528601158,106.55211879615513,52522604
1558.6873323189025,124.73785608536048,1720.588646295996,119.08413761955535,1559.6296187298701,151.72140841487607,1721.5309327069635,146.06768994907088,52522604
1466.4197704208277,175.98916847231214,1700.2772239432961,167.8226862439269,1467.4667553219026,205.97089328288502,1701.324208844371,197.80441105449978,2005年04月20日
354.12316910328093,272.8667752627083,569.9915877394056,265.3284839749681,355.17015400435594,302.8485000732812,571.0385726404807,295.31020878554096,维涛科技有限公司
376.645954325592,316.107082220796,746.4205603226575,303.19426844087064,377.692939226667,346.08880703136884,747.4675452237325,333.1759932514435,470367006464372
346.48022168951104,369.19218912026895,760.2280240754167,354.74379748543356,347.3178096103711,393.1775689687273,761.0656119962766,378.72917733389187,江苏省西宁县平山西安街X座 086-0980762
347.8064025642061,407.16904054699467,885.4786675004796,388.3931113210491,348.8533874652811,437.1507653575675,886.5256524015546,418.374836131622,招商银行北京东三环支行 364843727634485751
1089.1640199161513,261.2071167646374,1688.7985161276088,240.26741874313683,1090.315703307334,294.18701405626757,1689.9501995187911,273.247316034767,1+011+-76/<1>40+-<++2479+32
1090.315703307334,294.18701405626757,1689.9501995187911,273.247316034767,1091.4673866985163,327.1669113478977,1691.101882909974,306.22721332639713,33<41-92/+831+-21+4+/**0+>+
1091.4673866985163,327.1669113478977,1691.101882909974,306.22721332639713,1092.6190700896989,360.1468086395279,1692.2535663011563,339.2071106180273,<3061>>+216/<2*95*0/-1//5+6
1092.6190700896989,360.1468086395279,1692.2535663011563,339.2071106180273,1093.7707534808815,393.1267059311581,1693.4052496923389,372.1870079096575,<00-1+-32058>>2049-/*3<5-5*
89.03716159502301,504.25910146073034,400.8470996249809,493.37045848955,90.04924699939556,533.2414354442841,401.8591850293534,522.3527924731038,是否世界精华资料教育注册
532.7666887915016,488.7637249248199,602.7240466828382,486.3207601556448,533.7787741958741,517.7460589083737,603.7361320872108,515.3030941391986,的人-
736.6424175033972,481.64422759750965,762.6265790058935,480.7368406832446,737.6545029077696,510.62656158106347,763.6386644102661,509.71917466679844,经
906.5388580966434,475.7113131580845,966.5023077177891,473.61734335593445,907.5509435010159,504.6936471416383,967.5143931221617,502.59967733948827,829
1059.445654630565,470.37169016260185,1138.3975299650735,467.6146299231043,1060.4577400349376,499.35402414615567,1139.409615369446,496.59696390665806,16.26
1214.3512328185247,464.9622681737142,1396.2403633360004,458.610559773859,1215.3633182228973,493.944602157268,1397.2524487403728,487.5928937574128,13479.54
1421.2251340114776,457.73807235629647,1481.1885836326232,455.64410255414646,1422.2372194158502,486.7204063398503,1482.2006690369958,484.6264365377002,8%
1615.1069544531822,450.9675699960113,1736.0332445224926,446.74473089500873,1616.1190398575548,479.9499039795651,1737.0453299268652,475.7270648785625,1078.36
90.08414649609813,534.2408262713031,453.8624075310489,521.5374094715928,91.09623190047057,563.2231602548569,454.8744929354215,550.5197434551466,就是教育在线评论标题销售公司
533.8136736925766,518.7454497353928,603.7710315839133,516.3024849662177,534.8257590969491,547.7277837189465,604.7831169882859,545.2848189497714,谢谢+
737.6894024044722,511.6259524080825,763.6735639069686,510.71856549381755,738.7014878088446,540.6082863916363,764.6856493113412,539.7008994773713,方
931.5712228461767,504.8554500477974,967.5492926188641,503.5990681665073,932.5833082505492,533.8377840313511,968.5613780232367,532.5814021500611,6
1047.5005587803919,500.80710843030727,1139.4445148661487,497.5963547336771,1048.5126441847642,529.789442413861,1140.4566002705212,526.578688717231,696.52
1228.3902984708482,494.49029952715455,1397.2873482370753,488.5922845844319,1229.4023838752207,523.4726335107083,1398.2994336414479,517.5746185679857,4179.12
1422.2721189125527,487.7197971668694,1482.2355685336984,485.6258273647193,1423.2842043169253,516.7021311504232,1483.247653938071,514.6081613482731,8%
1629.1460201055056,480.4956013494517,1737.0802294235677,476.72645570558154,1630.1581055098782,509.47793533300546,1738.0923148279403,505.70878968913536,334.33
91.13113139717314,564.2225510818761,454.909392432124,551.5191342821657,92.14321680154569,593.2048850654298,455.9214778364965,580.5014682657195,其他可以朋友他们都是类型程序
534.8606585936516,548.7271745459656,604.8180164849883,546.2842097767906,535.8727439980241,577.7095085295194,605.8301018893608,575.2665437603443,不能l
738.7363873055472,541.6076772186555,764.7205488080436,540.7002903043904,739.7484727099197,570.5900112022092,765.7326342124161,569.6826242879441,本
920.6255178230226,535.2559688188003,968.5962775199391,533.5807929770801,921.6376032273951,564.238302802354,969.6083629243117,562.563126960634,53
1048.5475436814668,530.7888332408801,1140.4914997672236,527.57807954425,1049.5596290858393,559.771167224434,1141.5035851715961,556.5604135278038,696.52
1216.445202620675,524.9257177948599,1398.3343331381504,518.5740093950047,1217.4572880250475,553.9080517784138,1399.3464185425228,547.5563433785586,36915.56
1423.3191038136279,517.7015219774422,1483.2825534347735,515.6075521752922,1424.3311892180004,546.6838559609961,1484.294638839146,544.589886158846,8%
1617.2009242553322,510.93101961715706,1738.1272143246429,506.70818051615447,1618.2130096597048,539.9133536007108,1739.1392997290154,535.6905144997082,2953.24
92.17811629824814,594.2042758924489,300.05140831822007,586.9451805783287,93.1902017026207,623.1866098760026,301.0634937225926,615.9275145618825,以上客户发展详细
535.9076434947267,578.7088993565385,605.8650013860633,576.2659345873634,536.9197288990993,607.6912333400923,606.8770867904359,605.2482685709172,标准!
739.7833722066222,571.5894020292283,765.7675337091187,570.6820151149633,740.7954576109947,600.571736012782,766.7796191134912,599.664349098517,自
921.6725027240976,565.2376936293731,969.6432624210142,563.5625177876531,922.6845881284702,594.2200276129269,970.6553478253867,592.5448517712068,53
1075.5786900850383,559.8631711371879,1141.5384846682987,557.5598043548229,1076.5907754894108,588.8455051207418,1142.5505700726712,586.5421383383767,5.66
1243.4763490242465,554.0000556911679,1399.3813180392253,548.5557342055777,1244.488434428619,582.9823896747216,1400.393403443598,577.5380681891314,299.98
1424.3660887147028,547.6832467880151,1484.3295383358486,545.5892769858651,1425.3781741190753,576.6655807715689,1485.3416237402212,574.5716109694189,8%
1657.224151410152,539.5516640563324,1739.174199225718,536.6899053267273,1658.2362368145245,568.5339980398862,1740.1862846300905,565.6722393102812,24.00
1207.8536426892997,737.3549650701483,1359.761048396202,732.0502415713681,1208.9006275903746,767.3366898807212,1360.8080332972772,762.031966381941,￥54874.20
1553.6428688379067,725.279739211083,1686.5618488314465,720.6381061496503,1554.6898537389816,755.2614640216558,1687.6088337325214,750.6198309602232,￥4389.94
1441.9458823466898,793.2192947643902,1593.8532880535925,787.91457126561,1442.992867247765,823.2010195749631,1594.9002729546673,817.8962960761829,￥59264.14
598.4600243425731,822.674469981301,962.2382853775239,809.9710531815906,599.5070092436481,852.6561947918739,963.2852702785989,839.9527779921634,伍万玖仟贰佰陆拾肆圆壹角肆分
360.8048941502476,894.0119712921042,576.6733127863723,886.473680004364,361.8518790513226,923.9936961026772,577.7202976874473,916.4554048149369,超艺信息有限公司
404.07059026304216,929.5236530303057,703.8878383687709,919.0538040195554,405.1175751641172,959.5053778408786,704.934823269846,949.0355288301283,11G80198G30G015
363.77135136996014,978.9601915887274,812.4978327015342,963.2903175693045,364.81833627103526,1008.9419163993002,813.5448176026092,993.2720423798773,山东省成都县涪城沈路p座 107-3217701
365.0975322446552,1016.9370430154531,898.7722338728523,998.3007117763175,366.1445171457302,1046.918767826026,899.8192187739274,1028.2824365868905,招商银行北京东三环支行 327561747394590
236.78210158048785,1067.4459556296565,290.749206239519,1065.5613828077217,237.82908648156285,1097.4276804402293,291.79619114059415,1095.5431076182945,林玉
676.51406546889,1052.0901770805563,757.4647224574367,1049.2633178476535,677.561050369965,1082.071901891129,758.5117073585118,1079.2450426582263,李雪梅
1071.2734421414327,1038.3048758830682,1152.2240991299795,1035.4780166501657,1072.3204270425078,1068.286600693641,1153.2710840310547,1065.4597414607385,王云
