288.88361795546894,69.01934887080085,568.8011143012754,75.81605686036266,287.7184680144012,117.00520538722486,567.6359643602077,123.80191337678667,6816490159
1596.061276800122,118.7643809585557,1731.0214982525645,122.04136516780869,1595.5029757866937,141.75760387267547,1730.4631972391362,145.03458808192846,6816490159
1337.6230718223624,92.48331918636768,1562.5567742430999,97.94495953512268,1336.4821958384005,139.46947035869954,1561.415898259138,144.93111070745454,29444181
1573.1938967742935,154.21974628955093,1695.1579487535378,157.18116905643143,1572.5142259753375,182.2114959241316,1694.4782779545817,185.17291869101211,29444181
1486.029813284194,201.11774783898738,1692.9688195112724,206.14245695984198,1485.3501424852377,229.10949747356807,1692.289148712316,234.13420659442266,1985年09月08日
380.82585410879096,237.30073587223592,677.7383413041644,244.51010113259252,380.09763539562357,267.2918961950009,677.0101225909971,274.5012614553575,开发区世创科技有限公司
411.8211928784116,279.06542160739326,694.7378052564947,285.9349514682718,411.09297416524424,309.05658193015825,694.0095865433273,315.92611179103676,901418936805110
378.7625677548168,322.27569012007007,855.6220168867802,333.8543676594307,378.17999278428294,346.2686183782821,855.0394419162463,357.84729591764267,广西壮族自治区秀兰县高港曲路R座 016-1771433
377.8644313419104,359.26478785148026,795.741265172436,369.41130192161177,377.1362126287431,389.2559481742452,795.0130464592686,399.40246224437675,招商银行城北支行 863248744322006
1100.370962284095,264.7750384291736,1666.2041870402609,278.5140981509307,1099.618469613822,295.7659040960308,1665.4516943699882,309.5049638177879,130487241605/2679<4*/+20+/>
1099.5699216996109,297.7653147842151,1665.403146455777,311.5043745059721,1098.817429029338,328.7561804510723,1664.650653785504,342.4952401728293,65/71<><*8*6598<6>/>*<*8950
1098.7688811151268,330.75559113925664,1664.602105871293,344.49465086101367,1098.0163884448539,361.74645680611377,1663.84961320102,375.4855165278708,6>9<1*0<+/-1+306*-2+3/04+<+
1097.9678405306427,363.7458674942981,1663.8010652868088,377.48492721605515,1097.2153478603698,394.73673316115526,1663.048572616536,408.4757928829123,+89>/>97*>>4+6*0>-4<3693-/7
114.6838585230364,445.90188204749586,374.6072479869996,452.2131108949461,113.97991376697462,474.8933370261687,373.9033032309378,481.20456587361895,东西部分本站进入有关
521.563933568548,455.78138258946603,591.5433076549996,457.4805595868565,520.8599888124863,484.77283756813887,590.8393628989379,486.4720145655293,介绍g
762.4929214947601,461.63140625191033,788.4852604411565,462.2625291366553,761.7889767386984,490.6228612305831,787.7813156850947,491.2539841153282,有
939.4407673990735,465.9278966595976,972.431043754115,466.72893724408164,938.7368226430118,494.9193516382704,971.7270989980533,495.72039222275447,10
1084.3980422924376,469.44762043990636,1144.3803629379677,470.90405786624103,1083.694097536376,498.4390754185792,1143.6764181819058,499.89551284491387,3.36
1284.3391111108708,474.30241186102194,1387.308761552364,476.80262944289643,1283.6351663548091,503.2938668396948,1386.6048167963022,505.79408442156927,33.60
1437.2940287569722,478.0163272981754,1478.2819478647511,479.01155953950405,1436.5900840009106,507.00778227684816,1477.5780031086892,508.0030145181769,1%
1667.2262578981706,483.59933743245824,1719.2109357909633,484.8615832019483,1666.522313142109,512.5907924111311,1718.5069910349016,513.8530381806211,0.34
113.95563980986901,475.8930423702609,477.8483850594175,484.7287627566912,113.25169505380723,504.8844973489337,477.1444403033558,513.720217735364,不同希望这些正在说明大家到了
520.8357148553807,485.7725429122311,590.8150889418323,487.47171990962147,520.1317700993189,514.7639978909039,590.1111441857706,516.4631748882944,过程g
761.7647027815927,491.6225665746753,787.7570417279891,492.25368945942034,761.060758025531,520.6140215533482,787.0530969719273,521.2451444380931,在
926.7160845568002,495.62776949709564,971.7028250409477,496.7200975668467,926.0121398007384,524.6192244757684,970.9988802848859,525.7115525455195,286
1057.677484632874,498.8076578779263,1143.6521442248004,500.895218189006,1056.973539876812,527.7991128565992,1142.9481994687385,529.8866731676789,262.52
1231.6262145049109,503.03132641429687,1386.5805428391966,506.7937897656615,1230.9222697488492,532.0227813929697,1385.876598083135,535.7852447443342,75080.72
1436.565810043805,508.0074876209403,1477.5537291515839,509.00271986226903,1435.861865287743,536.9989425996132,1476.849784395522,537.9941748409418,1%
1640.505700238607,512.9593748704782,1718.4827170777958,514.8527435247133,1639.801755482545,541.950829849151,1717.778772321734,543.8441985033861,750.81
113.22742109670173,505.8842026930258,373.1508105606649,512.1954315404761,112.52347634063995,534.8756576716987,372.44686580460314,541.1868865191489,方式决定无法地方您的
520.1074961422133,515.763703234996,590.086870228665,517.4628802323865,519.4035513861515,544.7551582136689,589.3829254726032,546.4543352110593,来源#
761.0364840684254,521.6137268974403,787.0288230148217,522.2448497821853,760.3325393123637,550.6051818761131,786.32487825876,551.2363047608582,生
937.9843299727388,525.9102173051276,970.9746063277803,526.7112578896116,937.2803852166771,554.9016722838004,970.2706615717186,555.7027128682845,10
1095.937774339301,529.7455025278089,1142.923925511633,530.886378511771,1095.2338295832394,558.7369575064816,1142.2199807555712,559.8778334904439,4.1
1282.8826736845363,534.2847325065519,1385.8523241260293,536.7849500884264,1282.1787289284744,563.2761874852247,1385.1483793699676,565.7764050670993,41.00
1435.8375913306377,537.9986479437054,1476.8255104384166,538.993880185034,1435.1336465745758,566.9901029223781,1476.1215656823547,567.9853351637068,1%
1665.7698204718358,543.5816580779882,1717.7544983646285,544.8439038474783,1665.0658757157742,572.5731130566611,1717.0505536085668,573.8353588261512,0.41
112.49920238353434,535.8753630157909,320.43791395470487,540.9243460937511,111.79525762747267,564.8668179944636,319.7339691986432,569.9158010724238,社会上海她的一定
519.3792774290459,545.754863557761,589.3586515154976,547.4540405551514,518.6753326729843,574.7463185364338,588.6547067594358,576.4454955338243,价格g
760.3082653552581,551.6048872202052,786.3006043016544,552.2360101049503,759.6043205991963,580.5963421988781,785.5966595455926,581.2274650836231,法
937.2561112595715,555.9013776278925,970.246387614613,556.7024182123766,936.5521665035097,584.8928326065653,969.5424428585512,585.6938731910494,86
1082.2133861529355,559.4211014082014,1142.1957067984656,560.877538834536,1081.5094413968739,588.4125563868741,1141.491762042404,589.8689938132088,3.36
1256.1621160249724,563.6447699445719,1385.124105412862,566.7761104111914,1255.4581712689107,592.6362249232448,1384.4201606568004,595.7675653898642,288.96
1435.1093726174704,567.9898082664703,1476.097291725249,568.985040507799,1434.4054278614085,596.9812632451432,1475.3933469691874,597.9764954864718,1%
1665.0416017586685,573.5728184007532,1717.0262796514612,574.8350641702433,1664.3376570026069,602.564273379426,1716.3223348953995,603.8265191489161,2.89
1174.6698485082384,747.7208692485854,1356.6162211330125,752.1387294418005,1173.9416297950709,777.7120295713503,1355.8880024198452,782.1298897645654,￥75444.28
1506.5720227468373,755.7798230076371,1650.5295922961095,759.2752728308403,1505.84380403367,785.7709833304021,1679.792533905707,789.9946518667726,￥754.44
1394.2696619118,808.0692076939872,1575.4878158234071,842.4782282099673,1404.2667153527218,808.3119472650429,1575.4878158234071,842.4782282099673,￥76198.72
592.4574280356717,790.6009047834981,956.3501732852203,799.4366251699284,591.7292093225044,820.592065106263,955.6219545720529,829.4277854926934,柒万陆仟壹佰玖拾捌圆柒角贰分
366.0187402743885,847.1209957684573,635.9391831792734,853.6749641869634,365.2905215612211,877.1121560912223,635.210964466106,883.6661245097284,信诚致远信息有限公司
398.086606259418,885.9108394284438,757.9805301325979,894.6494639864518,397.35838754625064,915.9019997512088,757.2523114194305,924.6406243092167,266341683973271734
364.0768237059423,927.0974232958306,947.9047446557673,941.2734142454881,363.3486049927749,957.0885836185956,947.1765259426,971.264574568253,宁夏回族自治区太原县上街深圳路x座 823-9800681
363.15441333593026,965.0862263713329,858.0085586615526,977.101835138594,362.426194622763,995.077386694098,857.2803399483853,1007.092995461359,招商银行城北支行 537217807854126995
235.02668469515743,1009.9892903353486,289.0107732761344,1011.3000840190498,234.29846598199015,1039.9804506581136,288.2825545629671,1041.2912443418147,蔡雷
658.9017505902359,1020.2814481481136,739.8778834617015,1022.2476386736654,658.1735318770686,1050.2726084708786,739.1496647485341,1052.2387989964304,邹冬梅
1048.7868347861809,1029.748291419289,1129.7629676576462,1031.7144819448408,1048.0586160730136,1059.739451742054,1129.034748944479,1061.7056422676058,冯玉华
292.11912949806594,65.06702316795827,571.9866675768725,73.67870881641244,290.6428405297595,113.04431541003936,570.510378608566,121.65600105849353,0879106572
1598.9467347316613,123.28738214508894,1733.8828691625145,127.43944486845078,1598.2393462676812,146.2765013444195,1733.1754806985343,150.42856406778134,0879106572
1340.6843824122266,95.33103448606835,1565.5779397969818,102.25113902500476,1339.2388494640932,142.30879980643948,1564.1324068488484,149.2289043453759,03703472
1575.8499257278113,158.59371888284267,1697.7922101764339,162.34595334395487,1574.9887571629656,186.5804726907233,1696.9310416115886,190.3327071518355,03703472
1488.3835654722698,204.92552031175148,1695.2856382662444,211.292016487573,1487.522396907424,232.91227411963212,1694.424469701399,239.27877029545363,1986年09月20日
382.9682146335018,233.94107010843493,679.8277103813787,243.07560809983102,382.04553402831027,263.92687775973565,678.9050297761871,273.06141575113173,新格林耐特科技有限公司
413.6920793011275,275.90586654408355,696.558198145064,284.6098202530569,412.76939869593593,305.8916741953842,695.6355175398726,314.59562790435757,602389237189198
380.3539529187925,318.9008584537869,878.118359930384,334.2173564999662,379.61580843463923,342.88950457482747,877.3802154462309,358.20600262100675,广西壮族自治区建国县朝阳长春路E座 798-0129203
379.21598017238966,355.88335455705777,797.0182334471793,368.73937098939297,378.2932995671981,385.8691622083585,796.0955528419878,398.7251786406937,招商银行上海分行 298243765349743
1102.320038062988,266.0806738501317,1668.052275750861,283.4885812680784,1101.3666014376236,297.0660084231424,1667.0988391254964,314.47391584108914,74098857-1>3>++67435*715543
1101.3050893972772,299.06506226656245,1667.0373270851505,316.47296968450917,1100.3516527719128,330.0503968395732,1666.0838904597858,347.45830425751984,4+1971+8967*>2*054*-57/3779
1100.2901407315667,332.0494506829932,1666.0223784194397,349.4573581009399,1099.336704106202,363.03478525600394,1665.0689417940753,380.44269267395066,*+1608+48625*0725///5+63><8
1099.275192065856,365.033839099424,1665.007429753729,382.4417465173707,1098.3217554404914,396.0191736724347,1664.0539931283647,413.4270810903814,24+1/*2/>7+86>23*5-/<0613//
115.4791437299798,440.8120370109237,479.3069432324283,452.0072283539142,114.5872191449613,469.7983177405144,478.41501864740985,480.9935090835048,更新免费一定查看提供也是分析
522.2866008659593,453.32973722135534,592.253485385661,455.4826586334689,521.3946762809408,482.31601795094605,591.3615608006425,484.4689393630596,无法~
763.1725889980748,460.7419380830606,789.1602889625354,461.5415946075599,762.2806644130565,489.7282188126512,788.268364377517,490.5278753371506,史
940.0888541407489,466.18575365369054,973.0732425571797,467.2007023194012,939.1969295557305,495.17203438328124,972.1813179721613,496.18698304899186,10
1072.026407806472,470.24554831653325,1144.9918730913037,472.4907377891659,1071.1344832214536,499.2318290461239,1144.0999485062853,501.4770185187566,55.64
1271.9317921484767,476.3967523511434,1387.8769150668395,479.9644506912173,1271.0398675634583,505.38303308073404,1386.984990481821,508.9507314208079,556.40
1437.8532611523406,481.5022516998698,1478.8338649424513,482.76324852696484,1436.9613365673222,510.48853242946046,1477.941940357433,511.74952925655555,13%
1654.7506031634157,488.1763080774218,1719.7198530745673,490.1754493886701,1653.858678578397,517.1625888070124,1718.8279284895486,519.1617301182607,72.33
114.55646312478825,470.7978446622244,322.4580628404731,477.19509685821896,113.66453853976986,499.78412539181505,321.5661382554547,506.1813775878096,当然作为设计留言
521.3639202607677,483.315544872656,591.3308047804694,485.4684662847696,520.4719956757492,512.3018256022467,590.4388801954509,514.4547470143602,大学/
762.2499083928833,490.72774573436124,788.237608357344,491.52740225886055,761.3579838078649,519.7140264639519,787.3456837723255,520.5136829884513,类
915.1775274145169,495.43341682083803,972.1505619519883,497.1865099707019,914.2856028294984,524.4196975504287,971.2586373669698,526.1727907002926,1671
1071.1037272012804,500.2313559678339,1144.0691924861121,502.4765454404666,1070.211802616262,529.2176366974246,1143.1772679010937,531.4628261700573,97.26
1219.033711614364,504.7832469534454,1386.954234461648,509.95025834251794,1218.1417870293456,533.7695276830361,1386.0623098766293,538.9365390721086,162521.46
1436.930580547149,511.4880593511705,1477.9111843372598,512.7490561782655,1436.0386559621306,540.4743400807612,1477.0192597522414,541.7353369078562,13%
1614.8463726115333,516.9626309419735,1718.7971724693757,520.1612570399708,1613.954448026515,545.9489116715641,1717.9052478843573,549.1475377695615,21127.79
113.6337825195967,500.78365231352507,373.51078216420274,508.7802175585183,112.74185793457832,529.7699330431158,372.61885757918435,537.766498288109,目前出来图片登录喜欢
520.4412396555763,513.3013525239568,590.4081241752779,515.4542739360703,519.5493150705577,542.2876332535474,589.5161995902594,544.440554665661,资源!
761.3272277876919,520.713553385662,787.3149277521525,521.5132099101613,760.4353032026734,549.6998341152527,786.423003167134,550.4994906397519,是
914.2548468093254,525.4192244721387,971.2278813467967,527.1723176220025,913.3629222243069,554.4055052017294,970.3359567617782,556.1585983515932,1671
1083.1748965783192,530.6169918813843,1143.1465118809208,532.4623530917673,1082.2829719933009,559.603272610975,1142.2545872959022,561.448633821358,3.59
1244.098730973633,535.5687111292455,1386.0315538564564,539.9360659938186,1243.2068063886145,564.5549918588362,1385.1396292714378,568.9223467234093,5998.89
1436.0078999419575,541.4738670024711,1476.9885037320682,542.7348638295663,1435.115975356939,570.4601477320618,1476.0965791470499,571.7211445591569,13%
1639.9113919708022,547.7480951177735,1717.8744918641842,550.1470646912715,1639.0194673857839,576.7343758473642,1716.9825672791658,579.1333454208622,779.86
112.71110191440528,530.7694599648258,320.6127016300901,537.1667121608203,111.81917732938678,559.7557406944164,319.7207770450716,566.152992890411,欢迎部分决定人员
519.5185590503847,543.2871601752574,589.4854435700863,545.440081587371,518.6266344653662,572.2734409048481,588.5935189850679,574.4263623169617,主题/
760.4045471825003,550.6993610369626,786.3922471469609,551.499017561462,759.5126225974818,579.6856417665533,785.5003225619424,580.4852982910527,所
937.3208123251744,556.1431766075926,970.3052007416052,557.1581252733033,936.4288877401559,585.1294573371833,969.4132761565867,586.144406002894,99
1082.2522159731277,560.602799532685,1142.2238312757293,562.448160743068,1081.3602913881093,589.5890802622756,1141.3319066907106,591.4344414726587,3.59
1256.169900350672,565.9543470427958,1385.1088732512649,569.9218736451194,1255.2779757656533,594.9406277723865,1384.2169486662465,598.90815437471,355.41
1435.085219336766,571.4596746537719,1476.065823126877,572.7206714808669,1434.1932947517475,600.4459553833625,1475.1738985418583,601.7069522104576,13%
1664.9764113300714,578.5335592935735,1716.9518112589926,580.1328723425721,1664.0844867450528,607.5198400231642,1716.0598866739742,609.1191530721628,46.20
1173.4857076268127,749.4981409275352,1374.3906188905273,755.6801009823184,1172.563027021621,779.4839485788359,1373.4679382853358,785.6659086336191,￥169432.16
1505.3286456345404,759.709139624988,1687.2425453857645,765.3067352964833,1504.4059650293489,789.6949472762888,1716.3056724318737,796.2152235529754,￥22026.18
1392.6895762152099,811.2692020798306,1592.6718068737332,847.4369697859146,1402.6848454323103,811.5767622815612,1592.6718068737332,847.4369697859146,￥191458.34
591.0074729634252,788.6019277444641,1006.8106723947949,801.3964321364532,590.0847923582337,818.5877353957648,1005.8879917896033,831.3822397877539,壹拾玖万壹仟肆佰伍拾捌圆叁角肆分
364.2070423279408,843.6524923515491,580.1048574173059,850.295792708928,363.2843617227494,873.6383000028497,579.1821768121143,880.2816003602288,九方信息有限公司
396.0227019777957,882.6494640422407,695.8807784908026,891.8762700941559,395.1000213726042,912.6352716935414,694.9580978856111,921.8620777454566,233359656E81491
361.74656071409686,923.614646088351,810.5341485618973,937.4240991460508,360.8238801089053,953.6004537396516,809.6114679567057,967.4099067973514,吉林省大冶市西夏陈路B座 674-7759860
360.57783194752085,961.5966691133319,936.3053388524943,979.3121367330091,359.6551513423294,991.5824767646325,935.3826582473027,1009.2979443843097,EBA银行龙阳大道支行 356196563009883326
232.1616239220416,1005.6679467934355,286.13607769438283,1007.3287718827803,231.23894331685005,1035.6537544447363,285.2133970891913,1037.314579534081,赵宁
655.9610387270914,1018.708499346809,709.9354924994326,1020.3693244361538,655.0383581218998,1048.6943069981098,709.012811894241,1050.3551320874544,王杰
1045.7765381940003,1030.703347214299,1099.7509919663416,1032.3641723036435,1044.8538575888088,1060.6891548655994,1098.82831136115,1062.3499799549443,郑坤
