228.87628060342615,153.6337146864346,507.25961580763527,123.58843751046271,234.02689954787854,201.35657215001333,512.4102347520876,171.31129497404146,9078800229
1531.255628590115,31.175419998951043,1665.4761652064303,16.68930421767891,1533.7236335009986,54.04262253358252,1667.9441701173137,39.55650675231038,9078800229
1271.6049522993667,39.08277744356724,1495.3058466598918,14.939251141447016,1276.6482666824763,85.81140870998797,1500.3491610430015,61.66788240786775,35764485
1513.2456164609807,69.3282634461757,1634.5412125142434,56.23710696235935,1516.250144178578,97.16659696659661,1637.5457402318407,84.07544048278032,35764485
1433.0000870111976,127.27353938238934,1638.8049098228807,105.06149518443874,1436.0046147287946,155.11187290281026,1641.8094375404778,132.89982870485966,1983年12月26日
342.1345527134812,308.3740255257396,583.7315186228484,282.2990171194498,345.35368955376384,338.2008114404763,586.9506554631309,312.12580303418645,维旺明科技有限公司
378.3492780375866,345.70355364624487,659.7152918332694,315.33636278624476,381.5684148778694,375.5303395609816,662.934428673552,345.1631487009814,609751950149617
351.25544042761544,392.8832522841602,762.8650860509817,348.459163888259,353.83074989984163,416.7446810159496,765.4403955232078,372.3205926200484,江西省秀芳县永川关岭街I座 631-4742204
355.2257091972974,429.6696215790021,915.9692843943471,369.14984898168746,358.4448460375802,459.49640749373884,919.1884212346298,398.9766348964241,EBA银行北京东三环支行 648508400197516841
1059.050460280589,241.0570033305338,1621.7824878719548,180.3226216105336,1062.3769016822146,271.87801544242836,1625.10892927358,211.14363372242815,7+*5*/69*>674<2->9434>/0>4+
1062.5915108049,273.86646783674416,1625.3235383962656,213.13208611674395,1065.9179522065256,304.6874799486387,1628.649979797891,243.9530982286385,69297562583>1850><25+52-04-
1066.132561329211,306.6759323429545,1628.8645889205766,245.9415506229543,1069.4590027308366,337.4969444548491,1632.191030322202,276.76256273484887,*0>869>57979928-27+<942->46
1069.673611853522,339.4853968491649,1632.4056394448876,278.75101512916467,1073.0000532551476,370.30640896105945,1635.7320808465129,309.57202724105923,05>--5+8->-73+73-*67942<239
105.71199594396467,550.1391484251453,364.21080720501595,522.2399624760286,108.82382822290458,578.9717081427241,367.32263948395587,551.0725221936074,全国原因一种那么为什
510.3620581872257,506.4661919586434,579.957891988278,498.95487266465045,513.4738904661656,535.2987516762222,583.0697242672179,527.7874323822292,标题g
749.9705717022771,480.6057926750391,775.8204528283821,477.8158740801274,753.082403981217,509.43835239261784,778.9322851073222,506.64843379770616,个
914.0178942333288,462.90054005348424,958.7580731054338,458.0718347930602,917.1297265122688,491.73309977106305,961.8699053843739,486.904394510639,775
1044.2615260610123,448.84364251758313,1129.7649790165908,439.6154502421061,1047.3733583399523,477.6762022351619,1132.8768112955308,468.4480099596849,898.41
1204.3319438034325,431.5676081413993,1371.3619449259581,413.54044183581624,1207.4437760823726,460.40016785897814,1374.473777204898,442.37300155339506,696267.75
1421.0732547838525,408.1752137686784,1461.836528867326,403.7757267536254,1424.1850870627923,437.0077734862572,1464.948361146266,432.60828647120417,19%
1585.1205773149043,390.46996114712357,1701.4450423823773,377.91532747002105,1588.2324095938443,419.3025208647024,1704.5568746613171,406.7478871875999,132290.87
108.93113278424732,579.965934339882,367.4299440452986,552.0667483907653,112.04296506318724,608.7984940574607,370.5417763242385,580.899308108344,那些下载标题广告国家
513.5811950275083,536.2929778733801,583.1770288285607,528.7816585793871,516.6930273064484,565.1255375909589,586.2888611075007,557.6142182969659,今年/
753.1897085425597,510.43257858977574,779.0395896686649,507.64265999486406,756.3015408214997,539.2651383073545,782.1514219476048,536.4752197124429,方
917.2370310736115,492.72732596822095,961.9772099457166,487.8986207077969,920.3488633525515,521.5598856857997,965.0890422246565,516.7311804253757,775
1073.3305440274003,475.88050983740817,1132.9841158568736,469.4422361568428,1076.44237630634,504.71306955498693,1136.0959481358134,498.27479587442156,8.22
1246.3259023328728,457.2095161637685,1374.5810817662407,443.36722775055296,1249.4377346118129,486.0420758813473,1377.6929140451807,472.1997874681317,6370.50
1424.2923916241352,438.0019996834151,1465.0556657076086,433.60251266836207,1427.404223903075,466.8345594009939,1468.1674979865486,462.4350723859409,19%
1627.1145358443446,416.11186916949276,1704.66417922266,407.7421133847578,1630.2263681232844,444.9444288870716,1707.7760115016,436.57467310233653,1210.40
112.15026962452998,609.7927202546186,474.04860539000185,570.7338599258553,115.26210190347001,638.6252799721975,477.16043766894177,599.5664196434341,服务必须起来一定深圳帖子决定
516.8003318677911,566.1197637881168,586.3961656688434,558.6084444941238,519.912164146731,594.9523235056955,589.5079979477832,587.4410042117026,注意l
756.4088453828424,540.2593645045124,782.2587265089476,537.4694459096007,759.5206776617824,569.0919242220913,785.3705587878875,566.3020056271796,因
944.3175966456836,519.9788024107314,965.1963467859993,517.7254066225336,947.4294289246235,548.8113621283103,968.3081790649392,546.5579663401123,2
1050.6997997415779,508.4972143470565,1136.2032526971561,499.26902207157946,1053.8116320205177,537.3297740646353,1139.3150849760962,528.1015817891582,898.41
1236.620098610103,488.43126137596107,1377.8002186065235,473.1940136652896,1239.731930889043,517.2638210935398,1380.9120508854633,502.0265733828684,1796.82
1427.5115284644178,467.8287855981518,1468.2748025478913,463.4292985830988,1430.6233607433578,496.66134531573056,1471.3866348268314,492.26185830067755,19%
1643.25861324768,444.5436957867736,1707.8833160629426,437.56889929949443,1646.3704455266197,473.3762555043524,1710.9951483418827,466.40145901707325,341.40
115.36940646481276,639.6195061693554,322.1684554736538,617.300157410062,118.48123874375267,668.4520658869342,325.2802877525937,646.1327171276408,语言来自继续数据
520.0194687080739,595.9465497028534,589.6153025091261,588.4352304088605,523.1313009870137,624.7791094204323,592.727134788066,617.2677901264393,评论-
759.6279822231252,570.0861504192492,785.4778633492302,567.2962318243375,762.7398145020651,598.9187101368279,788.5896956281703,596.1287915419163,的
923.6753047541769,552.3808977976943,968.4154836262819,547.5521925372702,926.7871370331169,581.2134575152731,971.5273159052219,576.3847522548491,775
1053.9189365818604,538.3240002617932,1139.422389537439,529.0958079863161,1057.0307688608004,567.156559979372,1142.534221816379,557.9283677038949,898.41
1213.9893543242806,521.0479658856094,1381.019355446806,503.0207995800263,1217.1011866032206,549.8805256031882,1384.131187725746,531.853359297605,696267.75
1430.7306653047006,497.65557151288846,1471.493939388174,493.25608449783545,1433.8424975836406,526.4881312304673,1474.605771667114,522.0886442154142,19%
1594.7779878357524,479.9503188913336,1711.1024529032254,467.3956852142311,1597.8898201146922,508.7828786089124,1714.2142851821654,496.2282449318099,132290.87
1196.1674072420335,710.0516118880016,1414.8971706167692,686.4446083925951,1199.3865440823163,739.8783978027383,1418.1163074570518,716.2713943073318,￥1400702.82
1526.250504698453,674.4264975222064,1726.0899703271887,652.8582806923123,1529.4696415387357,704.2532834369431,1759.135893082208,679.4659297667663,￥266133.54
1421.7931476877789,741.0197446749363,1643.7420479027971,747.2395270942666,1431.7354096593576,739.9466990615088,1643.7420479027971,747.2395270942666,￥1666836.36
624.6383466898369,829.0664552661428,1089.9362069597291,778.8479205577328,627.8574835301196,858.8932411808795,1093.155343800012,808.6747064724694,壹佰陆拾陆万陆仟捌佰叁拾陆圆叁角陆分
407.59033513256264,914.8520057920522,622.3431937186667,891.6742205420168,410.80947197284536,944.6787917067888,625.5623305589495,921.5010064567534,国讯网络有限公司
444.4773729697978,949.091550759741,742.7452321171646,916.900182356914,447.69650981008044,978.9183366744778,745.9643689574473,946.7269682716508,313099807683N57
416.1747000399832,994.3901015646834,889.4263698871385,943.3131303655313,419.3938368802659,1024.2168874794202,892.6455067274213,973.1399162802679,陕西省六安市高明杭州街P座 022-4946424
420.25227337100796,1032.1706970566831,951.1690626533209,974.8700612996512,423.4714102112906,1061.99748297142,954.3881994936037,1004.6968472143878,招商银行北京东三环支行 497232672388039
299.1361652764083,1093.521233810792,379.6684872461973,1084.8295643420288,302.35530211669095,1123.3480197255285,382.88762408647995,1114.6563502567653,魏桂芝
720.6880728713534,1048.0240998014633,774.3762875178794,1042.2296534889542,723.9072097116361,1077.8508857161999,777.5954243581622,1072.056439403691,庞亮
1108.4362897629303,1006.1753208777882,1162.1245044094564,1000.3808745652793,1111.655426603213,1036.0021067925247,1165.343641249739,1030.2076604800159,孙倩
303.93641720965957,51.06194035481997,583.5278961962395,66.18162547379086,301.3444711892646,98.99190818109076,580.9359501758445,114.11159330006171,1578098625
1609.056060717892,139.66620734543574,1743.8590952292789,146.9560555277967,1607.8140865831194,162.6326502621905,1742.6171210945063,169.92249844455148,1578098625
1351.5139201638035,105.70967868277472,1576.185644349448,117.85942565337638,1348.9759730188334,152.64110551266492,1573.647697204478,164.79085248326658,01667394
1585.1441992822217,174.42570795579115,1706.9662008406601,181.0135707576285,1583.6322307703247,202.38485585444914,1705.454232328763,208.97271865628647,01667394
1496.6237286976666,218.71031349190156,1703.3217149484594,229.8880807048551,1495.1117601857695,246.66946139055955,1701.8097464365624,257.8472286035131,1971年10月18日
390.83253954166855,222.00363779479665,660.438608564442,236.58333415951859,389.21257327892164,251.9598676862159,658.8186423016951,266.5395640509379,信诚致远科技有限公司
420.57189753342834,264.6717826599996,703.1589995091502,279.95346440524526,418.9519312706814,294.6280125514189,701.5390332464033,309.90969429666455,118496573031142
386.24263513055234,306.8796224871512,778.6692467081449,328.10118052913543,384.94666212035486,330.8446064002867,777.3732736979474,352.06616444227086,上海市关岭市翔安范路u座 289-2294487
384.2446767398312,343.82563935323503,905.4830768505267,372.01305232503086,382.62471047708425,373.78186924465433,903.8631105877797,401.9692822164501,EBA银行北京东三环支行 668108695290204
1109.2420681814824,270.8682380645283,1674.416272132926,301.4316015550196,1107.5681030433104,301.8230089523282,1672.742306994754,332.3863724428195,8>/*7*9/0>/8-/+94-6+7<863+*
1107.4601052924606,303.82009094508953,1672.6343092439042,334.3834544355808,1105.786140154289,334.7748618328894,1670.9603441057325,365.3382253233807,/532<79167*-*>/2459229534-4
1105.678142403439,336.77194382565074,1670.8523463548827,367.335307316142,1104.0041772652673,367.72671471345063,1669.178381216711,398.2900782039419,690334+75<4>7*2780522<57>40
1103.8961795144176,369.72379670621194,1669.0703834658611,400.2871601967032,1102.2222143762458,400.67856759401184,1667.3964183276894,431.2419310845031,998533+</4<7756>+458*4>-<92
118.60358126996812,422.59624553073684,430.1483721407286,439.4438946633045,117.03761388264616,451.55393442577554,428.5824047534066,468.40158355834313,提高显示电话男人点击怎么
525.0097667968896,444.57378782866965,594.9076365435346,448.3537091084124,523.4437994095676,473.53147672370824,593.3416691562127,477.311398003451,评论+
765.6581469246246,457.58751680606963,791.6202128305213,458.9914875671169,764.0921795373026,486.5452057011083,790.0542454431993,487.94917646215555,可
942.3999032839984,467.14531775627626,975.3517561645594,468.92728064529786,940.8339358966763,496.1030066513149,973.7857887772375,497.88496954033644,12
1061.2262818532947,473.5711839318389,1147.10080754203,478.21508721837995,1059.6603144659728,502.52887282687755,1145.534840154708,507.17277611341865,144.73
1247.953448176475,483.6689736362945,1389.7462696625262,491.3368139466298,1246.387480789153,512.6266625313332,1388.1803022752042,520.2945028416684,1736.76
1439.6733194815583,494.0367577178746,1480.6135003331647,496.2507116102953,1438.1073520942364,522.9944466129132,1479.0475329458427,525.208400505334,7%
1643.3756827432094,505.0525283045534,1721.2618804608996,509.2644405876953,1641.8097153558874,534.010217199592,1719.6959130735777,538.222129482734,121.57
116.98361500722126,452.55247542215614,480.4525376897751,472.20806607681834,115.41764761989918,481.5101643171948,478.88657030245315,501.16575497185704,程序的话企业其他那个他的首页
523.3898005341428,474.53001772008895,593.2876702807878,478.3099389998316,521.8238331468208,503.48770661512754,591.7217028934658,507.2676278948703,推荐g
764.0381806618776,487.5437466974889,790.0002465677744,488.9477174585362,762.4722132745557,516.5014355925275,788.4342791804523,517.9054063535748,户
940.7799370212514,497.10154764769555,973.7317899018126,498.8835105367171,939.2139696339294,526.0592365427342,972.1658225144906,527.8411994317557,12
1098.549414449393,505.6333699648291,1145.4808412792831,508.17131710979925,1096.983447062071,534.5910588598678,1143.9148738919612,537.129006004838,8.9
1272.2955478196247,515.029174288761,1388.1263033997793,521.293043838049,1270.7295804323028,543.9868631837998,1386.5603360124574,550.2507327330877,106.80
1438.0533532188115,523.9929876092939,1478.9935340704178,526.2069415017146,1436.4873858314895,552.9506765043325,1477.4275666830958,555.1646303967532,7%
1667.7177823863594,536.41272895702,1719.6419141981528,539.2206704791146,1666.1518149990372,565.3704178520586,1718.0759468108306,568.1783593741533,7.48
115.36364874447429,482.50870531357543,478.83257142702826,502.16429596823764,113.79768135715233,511.4663942086141,477.26660403970624,531.1219848632763,工程文章重要需要名称根据那个
521.7698342713959,504.4862476115082,591.6677040180409,508.2661688912509,520.2038668840739,533.4439365065468,590.101736630719,537.2238577862896,回复~
762.4182143991308,517.4999765889082,788.3802803050274,518.9039473499555,760.8522470118088,546.4576654839468,786.8143129177055,547.8616362449941,的
939.1599707585045,527.0577775391148,972.1118236390657,528.8397404281363,937.5940033711826,556.0154664341535,970.5458562517438,557.797429323175,12
1096.9294481866461,535.5895998562485,1143.8608750165363,538.1275470012185,1095.363480799324,564.547288751287,1142.2949076292143,567.0852358962571,8.9
1270.675581556878,544.9854041801804,1386.5063371370325,551.2492737294683,1269.109614169556,573.9430930752189,1384.9403697497105,580.2069626245069,106.80
1436.4333869560646,553.9492175007131,1477.373567807671,556.1631713931339,1434.8674195687427,582.9069063957518,1475.807600420349,585.1208602881725,7%
1666.0978161236123,566.3689588484392,1718.0219479354057,569.1769003705339,1664.5318487362904,595.3266477434779,1716.4559805480837,598.1345892655725,7.48
113.74368248172743,512.4649352049947,321.4402097289011,523.6967012933732,112.17771509440547,541.4226241000333,319.87424234157913,552.6543901884118,出现一点现在你的
520.149868008649,534.4424775029274,590.0477377552941,538.2223987826702,518.5839006213271,563.4001663979661,588.4817703679721,567.1800876777088,手机+
760.7982481363839,547.4562064803274,786.7603140422806,548.8601772413748,759.2322807490618,576.4138953753661,785.1943466549586,577.8178661364134,业
949.5224964523253,557.6619939356328,970.4918573763189,558.7959703195556,947.9565290650033,586.6196828306715,968.9258899889969,587.7536592145943,5
1056.3663830650542,563.4398736060967,1142.2409087537894,568.0837768926378,1054.8004156777322,592.3975625011353,1140.6749413664675,597.0414657876764,144.73
1256.0745823411826,574.239648691076,1384.8863708742856,581.2055036208876,1254.5086149538606,603.1973375861146,1383.3204034869636,610.1631925159262,723.65
1434.8134206933178,583.9054473921324,1475.753601544924,586.1194012845532,1433.2474533059958,612.8631362871711,1474.1876341576021,615.0770901795918,7%
1651.496816907917,595.6232033593349,1716.4019816726588,599.1331302619532,1649.930849520595,624.5808922543736,1714.836014285337,628.0908191569918,50.66
1169.1431347908424,755.8103606101586,1331.905317200887,764.6121773044166,1167.5231685280955,785.7665905015779,1330.2853509381403,794.5684071958359,￥2674.01
1500.6587455892159,773.737987251224,1644.4486490680283,781.5138253124092,1499.038779326469,803.6942171426433,1672.7849126967008,813.0900214665753,￥187.18
1386.8507568425953,822.6638668799959,1547.9929729898931,861.4219134656732,1396.8361668064017,823.2038556342449,1547.9929729898931,861.4219134656732,￥2861.19
585.91287999447,781.3538507819904,897.4576708652305,798.2014999145581,584.292913731723,811.3100806734097,895.8377046024837,828.1577298059774,贰仟捌佰陆拾壹圆壹角玖分
357.8932255324818,831.1136455869887,573.5780807507007,842.7774026787663,356.2732592697349,861.069875478408,571.9581144879537,872.7336325701856,明腾传媒有限公司
388.79312114689697,870.8401663384745,748.2678798439283,890.2797614914373,387.1731548841501,900.7963962298938,746.6479135811815,920.2359913828566,ZZ7910589142411846
353.57331549849016,910.99692529744,828.8788297756761,936.7003899996906,351.9533492357432,940.9531551888593,827.2588635129291,966.6566198911099,河南省沈阳市兴山台北路y座 749-4614157
351.521358232344,948.9414831599045,803.8604295927752,973.4029737273825,349.90139196959717,978.8977130513238,802.2404633300283,1003.3592036188018,招商银行上海分行 337191518441860
222.11470567160745,990.0135938072135,276.0359194761621,992.9295330801579,220.4947394088606,1019.9698236986328,274.41595321341526,1022.8857629715772,段兵
645.4960881369999,1012.9091169873695,699.4173019415546,1015.8250562603139,643.876121874253,1042.8653468787888,697.7973356788077,1045.7812861517332,张晨
1034.9270767254507,1033.9686784030791,1088.8482905300052,1036.8846176760235,1033.3071104627036,1063.9249082944984,1087.2283242672584,1066.8408475674428,叶东
