292.9916272523941,64.01012419143012,572.8437581651576,73.10874076678721,291.43186441090427,111.98477520504673,571.2839953236679,121.08339178040382,1574050782
1599.7159563078887,124.50415575213299,1734.6446622836856,128.89098874382302,1598.9685699463416,147.49200936282432,1733.8972759221383,151.87884235451435,1574050782
1341.5026363975362,96.09849749758746,1566.3838130238641,103.4098858170708,1339.9753686152442,143.0736766150871,1564.8565452415723,150.38506493457044,19678254
1576.5577524621972,159.770252709996,1698.4933237884727,163.73464993211587,1575.6478908046615,187.75546580127235,1697.583462130937,191.71986302339224,19678254
1489.0109114954464,205.94980052872717,1695.901593991668,212.67627778265188,1488.1010498379108,233.93501362000353,1694.9917323341324,240.66149087392824,1997年07月29日
383.5467494528084,233.04198462983385,653.404161404402,241.8156506132139,382.57189767687737,263.0261415133442,652.429309628471,271.79980749672427,商软冠联信息有限公司
414.197552701447,275.0601742649579,697.0480993025617,284.25627601790814,413.2227009255159,305.0443311484683,696.0732475266307,314.24043290141856,150337720287596
380.7846694210036,317.99709579977997,773.5771245949898,330.7676540644776,380.0047880002587,341.9844213065883,772.797243174245,354.75497957128596,辽宁省巢湖市蓟州杨路R座 272-5087734
379.58235223068857,354.9775559561095,839.3394244445146,369.92528318705325,378.6075004547574,384.96171283961985,838.3645726685836,399.9094400705636,招商银行城北支行 365076099008846980
1102.841564065081,266.43314621335077,1668.5426572673105,284.8253497192512,1101.8342172299522,297.41677499297816,1667.5353104321816,315.80897849887856,247<05*<5292-/+9>5+<0*54<7*
1101.7692271115568,299.4157187852122,1667.470320313786,317.8079222911126,1100.761880276428,330.3993475648397,1666.4629734786574,348.79155107074007,<142610*30074-286</+52>235>
1100.6968901580326,332.3982913570737,1666.397983360262,350.79049486297407,1099.6895433229038,363.38192013670107,1665.3906365251332,381.77412364260147,02*16/--1/>14>9-//5<7<80*>0
1099.6245532045082,365.3808639289351,1665.3256464067376,383.7730674348355,1098.6172063693793,396.3644927085625,1664.3182995716088,414.7566962144629,57+1-79---><97*901-/8*5//+4
115.69814683876166,439.447231844391,375.56083982918506,447.895947235794,114.7557901220282,468.4319168317844,374.6184831124516,476.8806322231874,教育一点国际开始电脑
522.483208558386,452.67272093785647,592.4462412865769,454.9473750816958,521.5408518416526,481.65740592524986,591.5038845698435,483.9320600690891,登录*
763.3559355225863,460.5040302045031,789.3422048216286,461.3489017436434,762.4135788058528,489.4887151918965,788.3998481048952,490.3335867310368,生
952.2561238887017,466.64559639286915,973.245033707159,467.32799263602095,951.3137671719684,495.63028138026255,972.3026769904257,496.3126776234143,9
1085.1858860722646,470.96743926616375,1145.1541998392854,472.91714281802604,1084.243529355531,499.95212425355714,1144.211843122552,501.9018278054194,6.94
1272.0871306461459,477.0440153361344,1388.0258705957194,480.81344220306806,1271.1447739294126,506.0287003235278,1387.0835138789862,509.79812719046146,62.46
1437.9994654015702,482.43819516295326,1478.9778131423677,483.7704925900591,1437.0571086848367,511.4228801503466,1478.0354564256343,512.7551775774525,5%
1667.878001508483,489.91205877842515,1719.850540106568,491.6018018567057,1666.9356447917498,518.8967437658185,1718.9081833898344,520.5864868440991,3.12
114.72329506283052,469.4313887279014,270.6409108570846,474.5006179627432,113.78093834609717,498.4160737152948,269.69855414035123,503.48530295013654,公司基本解决
521.5083567824549,482.6568778213669,591.4713895106458,484.93153196520615,520.5660000657215,511.6415628087602,590.5290327939124,513.9162169525995,管理!
762.3810837466551,490.48818708801355,788.3673530456974,491.33305862715383,761.4387270299217,519.4728720754069,787.4249963289641,520.3177436145472,继
951.2812721127706,496.6297532763796,972.2701819312279,497.3121495195313,950.3389153960372,525.614438263773,971.3278252144945,526.2968345069247,9
1084.2110342963333,500.9515961496742,1144.1793480633542,502.9012997015364,1083.2686775796,529.9362811370676,1143.2369913466207,531.8859846889297,6.94
1271.1122788702148,507.02817221964483,1387.0510188197884,510.79759908657843,1270.1699221534814,536.0128572070382,1386.108662103055,539.7822840739718,62.46
1437.0246136256392,512.4223520464636,1478.0029613664365,513.7546494735695,1436.0822569089057,541.407037033857,1477.0606046497032,542.7393344609629,5%
1666.903149732552,519.8962156619356,1718.8756883306369,521.5859587402161,1665.9607930158186,548.880900649329,1717.9333316139034,550.5706437276095,3.12
113.74844328689949,499.41554561141174,477.5562134734922,511.24374715937597,112.80608657016603,528.4002305988051,476.6138567567588,540.2284321467694,计划日期过程设计发表两个感觉
520.5335050065238,512.6410347048773,590.4965377347147,514.9156888487165,519.5911482897905,541.6257196922706,589.5541810179814,543.9003738361099,主要g
761.406231970724,520.472343971524,787.3925012697664,521.3172155106643,760.4638752539906,549.4570289589172,786.4501445530329,550.3019004980576,望
950.3064203368396,526.61391015989,971.2953301552968,527.2963064030417,949.3640636201061,555.5985951472833,970.3529734385634,556.2809913904351,4
1070.2430478708811,530.5133172636145,1143.2044962874231,532.8854565850468,1069.3006911541477,559.4980022510078,1142.2621395706897,561.8701415724402,44.61
1257.1442924447626,536.589893333585,1386.0761670438574,540.7817559700889,1256.2019357280292,565.5745783209784,1385.133810327124,569.7664409574822,178.44
1436.049761849708,542.406508929974,1477.0281095905057,543.7388063570799,1435.1074051329747,571.3911939173674,1476.085752873772,572.7234913444732,5%
1665.928297956621,549.880372545446,1717.9008365547056,551.5701156237266,1664.9859412398876,578.8650575328393,1716.9584798379724,580.55480061112,8.92
112.77359151096834,529.3997024949222,320.66374590330713,536.1586748080446,111.83123479423489,558.3843874823156,319.7213891865737,565.143359795438,这里一般知道您的
519.5586532305927,542.6251915883877,589.5216859587836,544.8998457322269,518.6162965138592,571.6098765757811,588.5793292420501,573.8845307196203,正在#
760.4313801947928,550.4565008550343,786.4176494938353,551.3013723941746,759.4890234780595,579.4411858424277,785.4752927771018,580.286057381568,最
949.3315685609084,556.5980670434003,970.3204783793657,557.2804632865522,948.389211844175,585.5827520307937,969.3781216626322,586.2651482739456,9
1069.2681960949499,560.4974741471248,1142.2296445114919,562.8696134685572,1068.3258393782166,589.4821591345182,1141.2872877947586,591.8542984559506,44.61
1256.1694406688316,566.5740502170954,1385.101315267926,570.7659128535993,1255.227083952098,595.5587352044888,1384.1589585511929,599.7505978409927,401.49
1435.074910073777,572.3906658134845,1476.0532578145744,573.7229632405903,1434.1325533570434,601.3753508008779,1475.110901097841,602.7076482279837,5%
1651.9603115311688,579.4420936593862,1716.9259847787746,581.554272507237,1651.0179548144351,608.4267786467796,1715.9836280620411,610.5389574946303,20.07
1173.1660236570485,749.9737033366367,1317.0899766978985,754.6529918611061,1172.1911718811175,779.9578602201472,1316.1151249219674,784.6371487446165,￥704.85
1504.990693167897,760.7620629902744,1629.9246801825234,764.8239453899874,1504.0158413919658,790.7462198737849,1658.9339852901028,795.7829540494289,￥35.24
1392.2620844430348,812.126065705765,1535.2111857079535,846.7895111137448,1402.256803404205,812.4510162977421,1535.2111857079535,846.7895111137448,￥740.09
590.6206336387947,788.0639720214406,850.4833266292181,796.5126874128435,589.6457818628636,818.0481289049509,849.508474853287,826.4968442963539,柒佰肆拾零圆零角玖分
363.72476334220903,842.719841261212,633.5821752938026,851.4935072445919,362.7499115662779,872.7039981447224,632.6073235178715,881.4776641281023,凌颖信息网络有限公司
395.47252366455774,881.7721102671827,695.3140924996617,891.5206280264938,394.49767188862666,911.756267150693,694.3392407237307,921.5047849100042,4C135014386C42C
361.1251586063927,922.677592950573,836.8737811580911,938.14524112868,360.15030683046166,952.6617498340834,835.89892938216,968.1293980121904,青海省昆明市山亭宜都路P座 095-5290463
359.89034635687995,960.6575250030195,854.6289349348016,976.7425793058829,358.9154945809489,990.6416818865299,853.6540831588704,1006.7267361893934,招商银行上海分行 816499170052690855
231.39765270852956,1004.5053034985278,285.36913509884823,1006.2600366952038,230.42280093259842,1034.489460382038,284.3942833229171,1036.2441935787142,杨兵
655.1737366621431,1018.2832085983542,736.1309602476213,1020.9153083933683,654.198884886212,1048.2673654818645,735.1561084716901,1050.8994652768786,毛丹丹
1044.9677761477783,1030.9562816854586,1125.9249997332563,1033.588381480473,1043.9929243718473,1060.940438568969,1124.9501479573253,1063.572538363983,杨桂英
320.00526238753923,33.02804544530409,599.0017004994017,56.713220574352476,315.944946651131,80.85600626448058,594.9413847629935,104.54118139352892,4372735992
1621.7945763089438,161.60713456962117,1756.3107161128773,173.02677257826952,1619.8490083519148,184.52469912880986,1754.3651481558486,195.9443371374582,4372735992
1365.4146692789743,119.7700305672613,1589.6082356188638,138.8027605816751,1361.438943453741,166.60157553603824,1585.6325097936306,185.63430555045204,31763262
1596.8281907978483,195.61712713814973,1718.3909245465884,205.9370963015208,1594.4596732849434,223.51677094933598,1716.0224070336835,233.83674011270705,31763262
1506.991522015907,237.1667714466608,1713.2496030486054,254.67688305992152,1504.6230045030022,265.06641525784704,1710.8810855357005,282.5765268711078,1984年10月07日
401.61925877081336,206.55370808443922,670.6515383786808,229.39298410173586,399.08156143555817,236.44618359642448,668.1138410434256,259.2854596137211,兰金电子信息有限公司
430.0363796254156,250.11363510842455,712.0220652884766,274.0525799709984,427.4986822901604,280.00611062040986,709.4843679532214,303.9450554829837,228534366803789
394.42911632092364,291.2490553683975,786.0205455279307,324.49289046024035,392.3989584527195,315.16303577798567,783.9903876597266,348.40687086982854,江苏省合山市合川王街I座 543-4482171
391.2992896074423,328.11644183317924,927.3710171223781,373.6258140454222,388.7615922721871,358.00891734516455,924.833319787123,403.51828955740746,EBA银行龙阳大道支行 109907933331338386
1118.192771946708,277.42260263455864,1682.1641432728302,325.30049235970637,1115.5704847002776,308.31149399694334,1679.5418560263997,356.1893837220911,>08191525039169/>--1*<*678+
1115.4013048779273,310.30432569774246,1679.3726762040494,358.1822154228902,1112.779017631497,341.19321706012715,1676.7503889576192,389.07110678527494,+51>9>+48<70232257//92//698
1112.6098378091467,343.18604876092616,1676.5812091352686,391.06393848607394,1109.9875505627163,374.07494012331097,1673.9589218888382,421.9528298484587,94+4*</-9+6+8/+3->5>+-85266
1109.818370740366,376.06777182410997,1673.789742066488,423.94566154925775,1107.1960834939355,406.9566631864948,1671.1674548200576,454.8345529116425,7744//4/>48<*-945810206**39
123.36789091387948,398.7051491036135,330.62238779697725,416.29985062804946,120.91478348979945,427.6012087651993,328.1692803728972,445.1959102896352,不会朋友当前认为
528.9091420264795,433.1332429519088,598.6582515544451,439.05453673417094,526.4560346023995,462.02930261349456,596.2051441303652,467.95059639575663,社会-
769.0453619727612,453.5194115451254,794.9521740831484,455.7187492356799,766.5922545486812,482.41547120671123,792.4990666590684,484.6148088972657,么
957.3679576982684,469.5069047572331,978.292690556658,471.2832928919117,954.9148502741883,498.40296441881884,975.839583132578,500.17935255349744,8
1089.891265801403,480.757362943531,1149.6762168253736,485.8327576140414,1087.4381583773231,509.6534226051168,1147.2231094012936,514.7288172756272,1.19
1289.1744358813048,497.6753451785656,1391.8052684724541,506.38810602960837,1286.721328457225,526.5714048401513,1389.3521610483742,535.2841656911941,9.52
1441.6260609924298,510.617601588367,1482.4791108588095,514.0857879465491,1439.1729535683496,539.5136612499527,1480.0260034347293,542.9818476081348,11%
1670.8017065843167,530.0732811586568,1722.6153308050912,534.4719565397656,1668.3485991602365,558.9693408202425,1720.1622233810112,563.3680162013515,1.05
120.83019357862429,428.5976246155988,276.2710662409477,441.79365075892576,118.37708615454426,457.49368427718457,273.81795881686764,470.6897104205115,为了只要非常
526.3714446912244,463.02571846389407,596.12055421919,468.9470122461562,523.9183372671444,491.9217781254798,593.66744679511,497.84307190774194,记者~
766.507664637506,483.4118870571107,792.4144767478932,485.6112247476652,764.054557213426,512.3079467186965,789.9613693238132,514.5072844092509,觉
954.8302603630132,499.39938026921834,975.7549932214029,501.17576840389694,952.3771529389331,528.2954399308042,973.3018857973228,530.0718280654827,8
1087.3535684661479,510.6498384555163,1147.1385194901184,515.7252331260266,1084.900461042068,539.5458981171021,1144.6854120660385,544.6212927876124,1.19
1286.6367385460496,527.5678206905509,1389.267571137199,536.2805815415936,1284.1836311219697,556.4638803521366,1386.814463713119,565.1766412031793,9.52
1439.0883636571743,540.5100771003522,1479.9414135235543,543.9782634585343,1436.6352562330944,569.406136761938,1477.4883060994744,572.87432312012,11%
1668.2640092490615,559.965756670642,1720.077633469836,564.3644320517509,1665.8109018249816,588.8618163322277,1717.6245260457558,593.2604917133367,1.05
118.2924962433691,458.49010012758407,480.9878657887903,489.2808277953469,115.83938881928918,487.3861597891698,478.5347583647103,518.1768874569327,两个地区其他以下作品时候那个
523.8337473559692,492.9181939758794,593.5828568839348,498.83948775814144,521.3806399318892,521.8142536374651,591.1297494598548,527.7355474197273,个人l
763.9699673022508,513.3043625690959,789.876779412638,515.5037002596505,761.5168598781709,542.2004222306817,787.4236719885581,544.3997599212362,及
916.4215924133757,526.2466189788973,973.2172958861477,531.0682439158822,913.9684849892957,555.1426786404832,970.7641884620678,559.964303577468,1431
1058.9090590205055,538.3429762769471,1144.6008221548632,545.6177086380119,1056.4559515964254,567.2390359385329,1142.1477147307833,574.5137682995977,644.71
1219.3320109348265,551.9619519761499,1386.729873801944,566.1730570535789,1216.8789035107463,580.8580116377357,1384.2767663778639,595.0691167151647,922580.01
1436.5506663219194,570.4025526123376,1477.403716188299,573.8707389705196,1434.0975588978395,599.2986122739233,1474.9506087642192,602.7667986321053,11%
1613.9126876930318,585.4595568015183,1717.5399361345808,594.2569075637361,1611.4595802689519,614.3556164631041,1715.0868287105009,623.152967225322,101483.80
115.75479890811391,488.3825756395693,374.8229200119862,510.3759525451142,113.301691484034,517.2786353011551,372.36981258790627,539.2720122067,商品点击大家还是准备
521.296050020714,522.8106694878646,591.0451595486796,528.7319632701267,518.842942596634,551.7067291494503,588.5920521245996,557.6280229317125,自己~
761.4322699669957,543.1968380810812,787.339082077383,545.3961757716357,758.9791625429157,572.092897742667,784.8859746533029,574.2922354332214,法
949.7548656925028,559.1843312931888,970.6795985508925,560.9607194278675,947.3017582684229,588.0803909547747,968.2264911268126,589.8567790894532,8
1082.2781737956375,570.4347894794869,1142.063124819608,575.5101841499971,1079.8250663715576,599.3308491410726,1139.610017395528,604.406243811583,1.19
1281.5613438755393,587.3527717145214,1384.1921764666886,596.0655325655641,1279.1082364514593,616.2488313761071,1381.7390690426087,624.9615922271499,9.52
1434.012968986664,600.2950281243228,1474.866018853044,603.7632144825048,1431.559861562584,629.1910877859085,1472.412911428964,632.6592741440907,11%
1663.188614578551,619.7507076946125,1715.0022387993256,624.1493830757215,1660.7355071544712,648.6467673561982,1712.5491313752457,653.0454427373072,1.05
1163.1967878058076,763.9733590377872,1363.476373736109,780.9759311839969,1160.6590904705527,793.8658345497724,1360.9386764008539,810.8684066959822,￥922608.57
1494.0068501384446,792.0572095479446,1694.2864360687458,809.0597816941543,1491.4691528031894,821.9496850599298,1721.641214245476,841.4899545413947,￥101486.94
1378.7522456294646,837.4706011794733,1595.4260353821014,885.9728571499967,1388.71640413346,838.3165002912251,1595.4260353821014,885.9728571499967,￥1024095.51
579.4575537867083,771.6223241177839,1045.7801717736784,811.2104025477647,576.9198564514531,801.5147996297692,1043.2424744384232,841.10287805975,壹佰零拾贰万肆仟零佰玖拾伍圆伍角壹分
350.01941295395807,814.3673768281396,592.1484646010388,834.9227252437065,347.4817156187029,844.2598523401249,589.6107672657836,864.8152007556919,维旺明传媒有限公司
379.6867193924853,855.0226462121017,738.3964255363085,885.4750142351638,377.1490220572301,884.9151217240869,735.8587282010533,915.3674897471491,89024448U305965714
343.2522200599442,894.0806448601004,817.5461648501105,934.3454425794826,340.714522724689,923.9731203720855,815.0084675148553,964.2379180914678,辽宁省重庆市大兴辽阳路m座 787-7791176
340.0378034352876,931.9444471752817,791.4141836662652,970.263676937635,337.50010610003244,961.8369226872669,788.87648633101,1000.1561524496201,汉口银行城北支行 019117136453926
209.4326746981418,969.0294892752112,263.2391306197153,973.5973444786705,206.8949773628866,998.9219647871964,260.7014332844601,1003.4898199906557,陈宇
631.9129952675335,1004.8956116134843,685.719451189107,1009.4634668169438,629.3752979322783,1034.7880871254697,683.1817538538519,1039.355942328929,张晶
1020.515176923342,1037.8856769718018,1074.3216328449155,1042.453532175261,1017.9774795880868,1067.778152483787,1071.7839355096603,1072.3460076872464,韦磊
