298.93616073883527,56.90741398776123,578.6619603222514,69.29599935569098,296.8124032471902,104.86040820206114,576.5382028306063,117.24899356999089,7460488583
1604.858844019141,132.76217846545285,1739.7266402468597,138.7352464107047,1603.8412102210611,155.7396548598049,1738.7090064487797,161.71272280505673,7460488583
1346.9973783593332,101.32232274415946,1571.7770387388641,111.2774359862459,1344.9178658154308,148.27629624566146,1569.6975261949615,158.2314094877479,02734240
1581.287570218853,167.75353527584042,1703.1680971801989,173.1514189004384,1580.04871168206,195.72611523418203,1701.9292386434058,201.12399885878,02734240
1493.2037864788447,212.90048469707415,1700.0010740280131,222.05918887979368,1491.9649279420519,240.87306465541576,1698.76221549122,250.0317688381353,1993年11月29日
387.4974878421624,226.99236729550535,630.2595210520558,237.7438895969587,386.1701394098843,256.9629886794428,628.9321726197776,267.71451098089614,易动力信息有限公司
417.6521077942489,269.3680548479832,700.3749695160587,281.88937505914083,416.3247593619707,299.33867623192066,699.0476210837805,311.8599964430783,811174901959560
383.7366672840409,311.9091278833281,839.2901123198901,332.0848240539566,382.6747885382183,335.88562499047805,838.2282335740675,356.06132116110655,内蒙古自治区桂荣市璧山党街i座 558-2358488
382.09960421756443,348.87289425685094,799.6902621670929,367.3672824132604,380.77225578528623,378.8435156407884,798.3629137348147,397.3379037971979,招商银行城北支行 335138939453395
1106.349951579235,268.83893679816106,1671.795675022855,293.8815772204763,1104.9783581992144,299.8085788948964,1670.4240816428342,324.85121931721164,*9**/5>2*14>6>848/<2*>+91+3
1104.8898683037291,301.80662032049224,1670.3355917473489,326.8492607428075,1103.5182749237083,332.7762624172276,1668.9639983673283,357.81890283954283,6>08>8>1806<4><798146<>44*5
1103.4297850282233,334.77430384282343,1668.8755084718427,359.81694426513866,1102.0581916482024,365.7439459395588,1667.5039150918221,390.786586361874,84+/+8>82-+4/9688<6479/<+41
1101.9697017527171,367.7419873651546,1667.4154251963369,392.78462778746984,1100.5981083726963,398.71162946189,1666.043831816316,423.7542698842052,*4<95-91+6503+4-/480237669>
117.24041803724617,430.23388918623675,376.9858033647041,441.7375755993144,115.95731455271061,459.2054898573763,375.70269988016855,470.70917627045395,项目但是希望为了大家
523.8418481459977,448.24158291747756,593.7732980418517,451.33872925946,522.558744661462,477.2131835886171,592.490194557316,480.31032993059955,来自/
764.6058399302951,458.9046153234457,790.5803784630409,460.05498396475343,763.3227364457596,487.8762159945852,789.2972749785054,489.026584635893,业
953.4207546491011,467.2669104467983,974.4001896178573,468.196054349393,952.1376511645655,496.23851111793783,973.1170861333217,497.1676550205326,4
1060.315970918478,472.0011198552572,1146.2317522190988,475.8061853611213,1059.0328674339423,500.97272052639676,1144.948648734563,504.77778603226085,929.94
1247.132844211688,480.2749250831246,1388.993785428992,486.55770766257467,1245.8497407271525,509.2465257542641,1387.7106819444564,515.5293083337142,3719.76
1438.9448210688877,488.769955049705,1479.904670293602,490.58399790715185,1437.6617175843521,517.7415557208445,1478.6215668090667,519.5555985782914,14%
1642.7450464796623,497.79592438919667,1720.6686620778996,501.24703031312004,1641.4619429951267,526.7675250603362,1719.3855585933643,530.2186309842596,520.77
115.91306960496809,460.2045105701742,479.5566090634091,476.3096715484829,114.62996612043241,489.1761112413137,478.27350557887354,505.28127221962245,要求而且商品历史你们历史人民
522.5144997137195,478.212204301415,592.4459496095735,481.30935064339747,521.2313962291839,507.1838049725545,591.162846125038,510.280951314537,工具g
763.2784914980169,488.8752367073831,789.2530300307627,490.02560534869093,761.9953880134814,517.8468373785227,787.9699265462272,518.9972060198304,划
928.116909109673,496.1756530849132,973.0728411855791,498.1666757333305,926.8338056251373,525.1472537560527,971.7897377010435,527.13827640447,730
1071.9758917525726,502.54692555984855,1144.9044037868205,505.77680674505876,1070.692788268037,531.5185262309881,1143.621300302285,534.7484074161983,33.15
1245.8054957794097,510.245546467062,1387.6664369967139,516.5283290465121,1244.5223922948744,539.2171471382015,1386.3833335121783,545.4999297176516,24199.50
1437.6174726366096,518.7405764336424,1478.577321861324,520.5546192910894,1436.334369152074,547.712177104782,1477.2942183767884,549.5262199622289,14%
1628.4304287810114,527.1913614524802,1719.3413136456215,531.2176516970575,1627.1473252964756,556.1629621236198,1718.058210161086,560.189252368197,3387.93
114.58572117268989,490.17513195411163,478.2292606311309,506.28029293242037,113.30261768815421,519.1467326252512,476.94615714659534,535.2518936035599,为什喜欢一般活动有限还有无法
521.1871512814413,508.18282568535244,591.1186011772953,511.2799720273349,519.9040477969057,537.154426356492,589.8354976927598,540.2515726984744,运行g
761.9511430657387,518.8458580913206,787.9256815984845,519.9962267326283,760.6680395812032,547.8174587624601,786.642578113949,548.9678274037678,基
914.8013121238198,525.6153350959394,971.7454927533009,528.137297117268,913.5182086392841,554.5869357670789,970.4623892687653,557.1088977884075,1477
1083.6358125866673,533.0927312644399,1143.5770553545422,535.7474281289963,1082.3527091021317,562.0643319355794,1142.2939518700066,564.7190288001358,7.08
1231.4908780807586,539.6409835303456,1386.3390885644355,546.4989504304496,1230.2077745962233,568.6125842014851,1385.0559850799,575.4705511015891,10457.16
1436.2901242043313,548.7111978175799,1477.249973429046,550.5252406750268,1435.0070207197957,577.6827984887194,1475.96686994451,579.4968413461663,14%
1640.0903496151059,557.7371671570716,1718.0139652133435,561.1882730809949,1638.8072461305703,586.7087678282111,1716.7308617288077,590.1598737521344,1464.00
113.25837274041169,520.1457533380491,424.95283513336113,533.9501770337423,111.97526925587601,549.1173540091886,423.6697316488256,562.9217777048818,联系地址以上成为能够谢谢
519.8598028491631,538.1534470692899,589.7912527450171,541.2505934112723,518.5766993646275,567.1250477404294,588.5081492604816,570.2221940824119,方面l
760.6237946334606,548.816479475258,786.5983331662063,549.9668481165658,759.340691148925,577.7880801463975,785.3152296816708,578.9384487877053,较
913.4739636915416,555.5859564798768,970.4181443210227,558.1079185012054,912.1908602070059,584.5575571510163,969.1350408364872,587.0795191723449,1477
1056.3339256216434,561.9129840070696,1142.249706922264,565.7180495129337,1055.0508221371078,590.8845846782091,1140.9666034377285,594.6896501840732,929.94
1204.1889911157348,568.4612362729753,1385.0117401321575,576.469571814387,1202.9058876311992,597.4328369441148,1383.728636647622,605.4411724855265,1373521.38
1434.9627757720532,578.6818192015173,1475.9226249967678,580.4958620589642,1433.6796722875174,607.6534198726569,1474.639521512232,609.4674627301038,14%
1599.8011933837092,585.9822355790474,1716.6866167810654,591.1588944649324,1598.5180898991734,614.9538362501869,1715.4035132965296,620.1304951360719,192292.99
1170.9839130156622,753.1729651598223,1390.7684698312034,762.9068536631956,1169.656564583384,783.1435865437597,1389.4411213989251,792.8774750471332,￥1411897.80
1502.65878966457,767.8622878103677,1703.4619529369509,776.7555223066315,1501.3314412322916,797.8329091943051,1732.1052258886102,808.0534921228472,￥197665.69
1389.334018418158,817.8972378148236,1607.791226801421,857.6017477021345,1399.324225546137,818.3396872922497,1607.791226801421,857.6017477021345,￥1609563.49
588.0309168587451,784.4108311508492,1055.5726104481691,805.1174666943889,586.7035684264667,814.3814525347866,1054.245262015891,835.0880880783263,壹佰陆拾零万玖仟伍佰陆拾叁圆肆角玖分
360.50806971917257,836.3950021022334,657.2172214201532,849.5357515817875,359.18072128689437,866.3656234861709,655.8898729878752,879.506372965725,晖来计算机信息有限公司
391.7944452272847,875.8178724640602,751.4419018345341,891.7460536513985,390.4670967950065,905.7884938479976,750.1145534022559,921.7166750353359,46945627L53L181877
356.96847389976404,916.3166591260666,778.5552147004842,934.9880270734466,355.64112546748584,946.2872805100042,777.227866268206,964.958648457384,湖北省丹县新城王路E座 934-6012842
355.28716588554505,954.2794462123875,930.723096457144,979.7645361121287,353.95981745326685,984.2500675963249,929.3957480248658,1009.7351574960661,招商银行北京东三环支行 774892422082278155
226.28777786856472,996.6133320633763,307.2084556051958,1000.1971728305275,224.96042943628652,1026.583953447314,305.8811071729176,1030.167794214465,李凤兰
649.8725600948806,1015.3731899062414,730.7932378315118,1018.9570306733925,648.5452116626025,1045.3438112901788,729.4658893992336,1048.9276520573299,章小红
1039.4906380860675,1032.6287195258578,1120.4113158226985,1036.2125602930091,1038.1632896537892,1062.5993409097953,1119.0839673904204,1066.1831816769463,袁娜
245.61106736685008,127.56172059542217,524.9605678076061,108.48669494668587,248.88107176377628,175.45020638526614,528.2305722045325,156.37518073652984,6376223841
1551.798556788944,56.41228295037416,1686.48492307288,47.21539558401912,1553.3654338958047,79.3588490580077,1688.0518001797407,70.16196169165266,6376223841
1292.037767049192,54.10314592968689,1516.5150441890855,38.775000319095284,1295.2396463545156,100.99395493224239,1519.716923494409,85.66580932165073,64082968
1532.3021707662938,93.82739930801495,1654.0187388154804,85.51613813249412,1534.2096733311673,121.76234935209055,1655.926241380354,113.45108817656978,64082968
1449.8400965480187,148.57231976297345,1656.3591915167208,134.4704258012291,1451.7475991128924,176.50726980704906,1658.2666940815943,162.40537584530472,2005年05月08日
352.6968041525744,286.63605849144665,649.0068099772336,266.4029062854657,354.74055690065325,316.5663621100991,651.0505627253125,296.3332099041181,诺依曼软件传媒有限公司
387.4155901015114,325.3608038389875,669.7581209041329,306.0814029154434,389.4593428495903,355.29110745763995,671.8018736522117,336.01170653409577,237481121534798
358.4874369387978,371.43858541096193,855.3304770084285,337.51228979285236,360.12243913726104,395.3828283058839,856.9654792068916,361.45653268777437,广西壮族自治区南京县东丽潜江路q座 148-7056904
361.0080653280952,408.3526265406333,803.9765588841515,378.10508586906576,363.0518180761741,438.28293015928574,806.0203116322303,408.0353894877182,EBA银行城北支行 546178600850124
1071.7053419162594,247.56276041043748,1636.3904035215023,209.0039585633491,1073.8172197559409,278.4907408163784,1638.502281361184,239.93193896929,763-9522648>2*<><56-785<+31
1073.953469939146,280.4860943909552,1638.638531544389,241.92729254386683,1076.0653477788278,311.41407479689605,1640.7504093840707,272.85527294980767,94-95158/<37840293+*<2+/702
1076.201597962033,313.40942837147287,1640.886659567276,274.8506265243845,1078.3134758017145,344.33740877741377,1642.9985374069574,305.7786069303254,26>/<>+95*2592*96>436-<6</5
1078.4497259849197,346.3327623519906,1643.134787590163,307.7739605049022,1080.5616038246012,377.26074275793144,1645.2466654298441,338.70194091084306,>3*7+463>0+>00592*65+//04+-
106.95005736486337,518.9172166667422,418.22521499884886,497.66218808672176,108.92568502133963,547.8498434981062,420.2008426553251,526.5948149180858,有关一直显示这么他的免费
513.0045097912482,491.190304384472,582.8418849014373,486.4215479722879,514.9801374477245,520.1229312158359,584.8175125579136,515.354174803652,同时-
753.4446155277562,474.7721573082382,779.3842119972551,473.0009049265699,755.4202431842325,503.7047841396023,781.3598396537313,501.9335317579339,只
918.0612854303448,463.53151719380435,962.9567408583234,460.465888071686,920.0369130868211,492.46414402516837,964.9323685147997,489.39851490305006,150
1061.7267427998765,453.7215040030257,1134.5571482719308,448.74837231603374,1063.7023704563528,482.6541308343897,1136.532775928407,477.68099914739776,39.73
1248.2923020228102,440.98211187333396,1376.9926075830158,432.1939750565947,1250.2679296792865,469.914738704698,1378.968235239492,461.12660188795877,5959.50
1426.8764469474365,428.7877204764633,1467.7811952262614,425.99459172075547,1428.8520746039128,457.7203473078273,1469.7568228827377,454.9272185521195,4%
1630.4025115542731,414.8902017895268,1708.2213009627694,409.5764446445217,1632.3781392107494,443.82282862089085,1710.1969286192457,438.5090714758857,238.38
108.99381011294224,548.8475202853947,420.2689677469278,527.5924917053742,110.9694377694185,577.7801471167587,422.24459540340405,556.5251185367382,次数一种提高政府原因日本
515.0482625393272,521.1206080031244,584.8856376495162,516.3518515909403,517.0238901958035,550.0532348344884,586.8612653059924,545.2844784223043,问题/
755.4883682758352,504.7024609268907,781.427964745334,502.9312085452223,757.4639959323115,533.6350877582547,783.4035924018102,531.8638353765864,间
932.0771596258846,492.64431971322523,965.0004936064024,490.39619169033847,934.0527872823609,521.5769465445893,966.9761212628787,519.3288185217025,15
1050.800697313206,484.5374338125123,1136.6009010200098,478.67867593468617,1052.7763249696823,513.4700606438763,1138.576528676486,507.6113027660502,216.87
1237.3662565361396,471.79804168282055,1379.0363603310946,462.1242786752472,1239.341884192616,500.73066851418463,1381.0119879875708,491.0569055066112,3253.05
1428.9201996955153,458.7180240951157,1469.8249479743404,455.9248953394079,1430.8958273519916,487.6506509264797,1471.8005756308166,484.8575221707719,4%
1632.4462643023521,444.82050540817926,1710.2650537108484,439.50674826317413,1634.4218919588284,473.75313223954333,1712.2406813673247,468.43937509453815,130.12
111.03756286102112,578.7778239040471,474.1919134340042,553.9802905606899,113.01319051749738,607.7104507354111,476.1675410904805,582.9129173920539,电子发表安全类别到了提供文化
517.0920152874061,551.0509116217769,586.9293903975952,546.2821552095928,519.0676429438823,579.9835384531409,588.9050180540714,575.2147820409568,以下/
757.5321210239141,534.6327645455431,783.4717174934128,532.8615121638747,759.5077486803904,563.5653913769072,785.4473451498891,561.7941389952388,关
934.1209123739635,522.5746233318777,967.0442463544813,520.326495308991,936.0965400304398,551.5072501632417,969.0198740109576,549.259122140355,15
1078.7840465307836,512.6964850494963,1138.6446537680886,508.6089795533386,1080.7596741872599,541.6291118808605,1140.6202814245648,537.5416063847026,1.87
1265.3496057537172,499.95709291980467,1381.0801130791735,492.0545822938996,1267.3252334101935,528.8897197511687,1383.0557407356498,520.9872091252637,28.05
1430.9639524435943,488.64832771376814,1471.8687007224194,485.8551989580603,1432.9395801000705,517.5809545451322,1473.8443283788956,514.7878257894243,4%
1660.4296135199297,472.97955664516337,1712.3088064589274,469.4370518818266,1662.405241176406,501.9121834765274,1714.2844341154037,498.36967871319064,1.12
113.08131560909999,608.7081275226996,476.2356661820831,583.9105941793424,115.05694326557625,637.6407543540636,478.21129383855936,612.8432210107064,感觉联系品牌进行的人实现电影
519.135768035485,580.9812152404293,588.9731431456739,576.2124588282452,521.1113956919612,609.9138420717934,590.9487708021502,605.1450856596093,完成+
759.575873771993,564.5630681641956,785.5154702414918,562.7918157825272,761.5515014284692,593.4956949955596,787.4910978979681,591.7244426138913,些
924.1925436745814,553.3224280497617,969.0879991025602,550.2567989276433,926.1681713310577,582.2550548811257,971.0636267590364,579.1894257590073,150
1067.8580010441133,543.512414858983,1140.6884065161676,538.5392831719911,1069.8336287005895,572.4450416903471,1142.6640341726438,567.4719100033551,39.73
1254.423560267047,530.7730227292913,1383.1238658272523,521.984885912552,1256.3991879235232,559.7056495606554,1385.0994934837286,550.9175127439161,5959.50
1433.0077051916733,518.5786313324206,1473.9124534704981,515.7855025767128,1434.9833328481495,547.5112581637846,1475.8880811269744,544.7181294080768,4%
1636.5337697985096,504.6811126454842,1714.3525592070062,499.36735550047905,1638.509397454986,533.6137394768482,1716.3281868634824,528.2999823318431,238.38
1190.2737146839281,721.586537218339,1371.8508899704195,709.1877705466604,1192.3174674320069,751.5168408369914,1373.8946427184983,739.1180741653128,￥15200.10
1521.5024080636817,698.969006806266,1665.1678654332136,689.1589936154872,1523.5461608117607,728.8993104249184,1697.1419217999448,717.0455444860609,￥608.00
1414.5071647128123,761.4031152750207,1598.1280927473827,778.9346522219946,1424.4839325856965,760.7218643589944,1598.1280927473827,778.9346522219946,￥15808.10
614.5066314907087,818.0347923149064,925.7817891246942,796.779763734886,616.5503842387876,847.9650959335588,927.8255418727731,826.7100673535385,壹万伍仟捌佰零拾捌圆壹角
394.25311003017845,895.2188987373797,609.751296084476,880.5038789512118,396.2968627782573,925.1492023560322,611.7950488325549,910.4341825698643,太极信息有限公司
429.76519749159604,930.8824886314528,788.9288409154254,906.3574556545061,431.8089502396749,960.8127922501053,790.9725936635043,936.2877592731586,331186192360196226
399.7031173583888,975.033041720453,847.6599948508871,944.4448755908724,401.74687010646767,1004.9633453391054,849.703747598966,974.3751792095247,北京市丹丹市西夏黄路x座 871-4529447
402.2918708392887,1012.9447596374127,896.1418805470541,979.2228392941112,404.3356235873676,1042.8750632560652,898.185633295133,1009.1531429127635,汉口银行城北支行 702511058983673375
278.8569232505862,1069.4851320607906,332.7314697641607,1065.8063771142488,280.90067599866506,1099.4154356794431,334.77522251223957,1095.7366807329013,黄波
701.8718810608741,1040.6000932212758,755.7464275744486,1036.9213382747337,703.9156338089531,1070.5303968399282,757.7901803225275,1066.8516418933862,徐明
1090.965828103356,1014.0313074962502,1144.8403746169304,1010.3525525497082,1093.009580851435,1043.9616111149026,1146.8841273650094,1040.2828561683607,邹帆
