314.64854740925705,38.91682160221876,593.8701051203066,59.7811861843262,311.0717991951815,86.7833743526844,590.2933569062309,107.64773893479185,2683546170
1617.6708292791668,154.3331677172023,1752.2955088898514,164.39277206928983,1615.9569707599221,177.26922424346708,1750.581650370607,187.32882859555463,2683546170
1360.8812001523108,115.08923349939232,1585.2556661701185,131.8552407528715,1357.3789675260286,161.95856640088988,1581.7534335438363,178.724573654369,67568366
1593.0494314413133,188.59373934860025,1714.7102530154134,197.68464105937562,1590.9629949831026,216.5158951197052,1712.6238165572026,225.60679683048056,67568366
1503.6372606281936,231.0491713978152,1710.0617693645765,246.47389807101604,1501.550824169983,258.97132716892014,1707.9753329063658,274.396053842121,1980年04月07日
398.0120653365104,211.60881295906347,667.2614245578794,231.7280216632385,395.77659770271316,241.52540842810447,665.0259569240823,261.6446171322795,恒聪百汇科技有限公司
426.86796140396456,254.87932557613658,709.0811786619181,275.9672369216237,424.63249377016734,284.7959210451776,706.8457110281208,305.88383239066474,050618809582758
391.6782403740849,296.3725001213463,762.6440241901935,324.0922987804319,389.8898662670471,320.30577649657914,760.8556500831556,348.0255751556647,浙江省勇市上街周路Q座 678-6171232
388.921163625735,333.2696345331636,951.353158443706,375.2964260485514,386.6856959919378,363.1862300022046,949.1176908099087,405.2130215175924,EBA银行北京东三环支行 568439485453001339
1115.265200715562,275.2322346598772,1679.6916352314693,317.4080573508515,1112.9552174939718,306.1460499778862,1677.3816520098787,348.3218726688605,-6>73-72+83355*692490<>*>21
1112.8061863183852,308.14048967582227,1677.2326208342922,350.3163123667966,1110.4962030967947,339.05430499383135,1674.9226376127017,381.2301276848056,<8>577+*/3+/4<7*<65-57<+2**
1110.3471719212082,341.0487446917674,1674.7736064371152,383.22456738274167,1108.037188699618,371.96256000977644,1672.4636232155249,414.13838270075075,+<1525+1*+<+<*+3893/22*1+21
1107.8881575240314,373.9569997077125,1672.3145920399384,416.1328223986868,1105.5781743024409,404.8708150257215,1670.0046088183478,447.04663771669584,66*6-+4+*>555-401629-*2679<
121.71683338030687,406.56251207315483,329.1385619656578,422.061754334149,119.55588133430285,435.4818876932278,326.9776099196538,450.98112995422196,东西社会你们今年
527.5853119102965,436.8903563050039,597.3907013380589,442.1064474505307,525.4243598642925,465.80973192507685,595.229749292055,471.0258230706037,选择#
767.9152955115926,454.8486129631749,793.8430115847615,456.78601824579914,765.7543434655886,483.76798858324787,791.6820595387575,485.7053938658721,资
944.4232087789345,468.0378720025785,977.3314637948797,470.49688639975545,942.2622567329306,496.9572476226515,975.1705117488757,499.4162620198284,48
1076.056228842715,477.8739295912863,1148.8532778173815,483.3135675001929,1073.895276796711,506.79330521135927,1146.6923257713775,512.2329431202659,65.58
1249.5724825631528,490.8396418673102,1391.1777011166137,501.4208553339504,1247.411530517149,519.7590174873832,1389.0167490706096,530.3402309540234,3147.84
1441.0386935650154,505.1466347236124,1481.9247073727047,508.2017738231353,1438.8777415190111,534.0660103436854,1479.7637553267007,537.1211494432083,16%
1644.4715427544943,520.3478146334336,1722.2546909740008,526.1600304813063,1642.31059070849,549.2671902535066,1720.0937389279968,555.0794061013793,503.65
119.48136574650971,436.47910754219583,326.90309433186064,451.97834980319,117.3204137005057,465.39848316226886,324.74214228585663,480.89772542326295,搜索根据学生网站
525.3498442764992,466.8069517740449,595.1552337042617,472.0230429195717,523.1888922304953,495.72632739411785,592.9942816582577,500.9424185396447,一起~
765.6798278777953,484.7652084322159,791.6075439509642,486.70261371484014,763.5188758317914,513.6845840522889,789.4465919049603,515.6219893349131,来
942.1877411451374,497.9544674716195,975.0959961610824,500.41348186879645,940.0267890991333,526.8738430916925,972.9350441150784,529.3328574888694,48
1073.8207612089177,507.7905250603273,1146.6178101835842,513.2301629692339,1071.6598091629137,536.7099006804003,1144.4568581375802,542.1495385893069,65.58
1247.3370149293555,520.7562373363512,1388.9422334828164,531.3374508029914,1245.1760628833517,549.6756129564242,1386.7812814368124,560.2568264230644,3147.84
1438.803225931218,535.0632301926535,1479.6892397389074,538.1183692921763,1436.642273885214,563.9826058127264,1477.5282876929036,567.0377449122493,16%
1642.236075120697,550.2644101024746,1720.0192233402036,556.0766259503473,1640.075123074693,579.1837857225476,1717.8582712941998,584.9960015704203,503.65
117.24589811271244,466.3957030112369,272.8121945517256,478.02013470698245,115.08494606670843,495.31507863130986,270.6512425057216,506.9395103270554,支持如果文章
523.114376642702,496.7235472430859,592.9197660704644,501.9396383886127,520.953424596698,525.6429228631589,590.7588140244604,530.8590140086857,介绍h
763.4443602439982,514.6818039012569,789.3720763171671,516.6192091838811,761.2834081979942,543.6011795213299,787.211124271163,545.5385848039541,人
939.9522735113401,527.8710629406605,972.8605285272852,530.3300773378375,937.7913214653362,556.7904385607335,970.6995764812813,559.2494529579104,48
1058.6214355385362,536.7384178880562,1144.382342549787,543.1467584382749,1056.4604834925321,565.6577935081292,1142.221390503783,572.0661340583479,766.69
1232.137689258974,549.7041301640801,1386.7067658490191,561.2540462720324,1229.97673721297,578.623505784153,1384.545813803015,590.1734218921054,36801.12
1436.5677582974208,564.9798256616945,1477.4537721051101,568.0349647612173,1434.4068062514168,593.8992012817674,1475.2928200591064,596.9543403812903,16%
1627.0367494503153,579.2123029302035,1717.7837557064063,585.9932214193883,1624.8757974043112,608.1316785502764,1715.6228036604025,614.9125970394613,5888.18
115.01043047891517,496.3122984802779,477.9984555032794,523.4359724370175,112.84947843291127,525.2316741003509,475.8375034572754,552.3553480570905,特别可以类型一点标题网站积分
520.8789090089049,526.6401427121269,590.6842984366672,531.8562338576537,518.7179569629009,555.5595183321999,588.5233463906632,560.7756094777267,就是~
761.208892610201,544.5983993702979,787.1366086833698,546.5358046529221,759.047940564197,573.5177749903709,784.9756566373658,575.4551802729951,这
925.7501676899265,556.8934713561827,970.625060893488,560.2466728068785,923.5892156439226,585.8128469762556,968.464108847484,589.1660484269514,419
1056.385967904739,566.6550133570972,1142.1468749159899,573.0633539073159,1054.2250158587349,595.5743889771702,1139.9859228699859,601.9827295273889,766.69
1216.9383635885924,578.652022991809,1384.4712982152219,591.1706417410734,1214.7774115425882,607.5713986118819,1382.310346169218,620.0900173611464,321243.11
1434.3322906636236,594.8964211307355,1475.2183044713129,597.9515602302583,1432.1713386176198,623.8157967508084,1473.057352425309,626.8709358503313,16%
1624.801281816518,609.1288983992445,1715.548288072609,615.9098168884293,1622.6403297705142,638.0482740193174,1713.3873360266052,644.8291925085023,51398.90
1165.1841099982641,761.30332256372,1365.6252996408389,776.2809557101614,1162.948642364467,791.2199180327611,1363.3898320070418,806.1975511792025,￥364339.91
1496.2610998556515,786.0424977110761,1677.7551123678336,799.6043346894457,1494.0256322218543,815.959093180117,1705.4362402030774,831.7563977922841,￥58294.39
1381.4713392915714,832.618359159268,1579.677061300349,877.5125877747505,1391.4435377812517,833.3635150372005,1579.677061300349,877.5125877747505,￥422634.30
581.551989243622,774.8512974470251,944.5400142679862,801.9749714037648,579.3165216098248,804.7678929160661,942.304546634189,831.8915668728057,肆拾贰万贰仟陆佰叁拾肆圆叁角
352.55755678263347,819.912920829564,567.9570441597288,836.008287792904,350.3220891488363,849.829516298605,565.7215765259316,865.924883261945,创汇信息有限公司
382.63421946243545,860.2662894875261,681.8001741528456,882.6209658254984,380.3987518286382,890.1828849565672,679.5647065190483,912.5375612945395,213905056600450
346.59630975917423,899.6905087470067,821.2729578679582,935.1599285365893,344.36084212537696,929.6071042160477,819.037490234161,965.0765240056303,西藏自治区辉县朝阳林街Z座 797-6734049
343.76471742303113,937.5848630077919,822.4302449276872,973.3523451485476,341.52924978923386,967.501458476833,820.19477729389,1003.2689406175886,EBA银行城北支行 701386896637379
213.54104839001525,975.9879361085159,267.39092023428907,980.011777849351,211.30558075621798,1005.904531577557,265.1554526004918,1009.928373318392,魏伟
636.3622643524616,1007.58254533285,690.2121361967354,1011.606387073685,634.1267967186643,1037.4991408018911,687.9766685629381,1041.5229825427261,蓝东
1025.2780054499947,1036.6436245722139,1079.1278772942685,1040.6674663130489,1023.0425378161974,1066.560220041255,1076.8924096604712,1070.58406178209,周秀珍
256.53245403020037,111.68456191363708,536.2649885543422,99.44899373313183,258.62998000400125,159.6387106892043,538.3625145281432,147.40314250869903,2502027271
1564.0695804045813,72.50978491840027,1698.9406238358638,66.61049311708524,1565.0746449336941,95.48781454002625,1699.9456883649768,89.58852273871122,2502027271
1304.4430168139997,63.84679016221469,1529.2280891994708,54.01463716002297,1306.4968443300131,110.80189417162421,1531.2819167154842,100.9697411694325,11011623
1543.6637400294635,109.43676257140112,1665.5472015006967,104.10555072132382,1544.887296847514,137.41001602381527,1666.7707583187473,132.07880417373798,11011623
1459.8871145714943,162.14802348285252,1666.6893811661275,153.10244272083617,1461.1106713895447,190.12127693526674,1667.912937984178,181.07569617325032,1972年08月03日
359.69469557406285,273.33094114820517,602.4625737503716,262.7122159058381,361.0056493076884,303.30228413293463,603.7735274839972,292.68355889056755,易动力网络有限公司
393.4557648603959,312.89342591146817,676.1854336830106,300.5267623576004,394.7667185940214,342.8647688961977,677.4963874166363,330.49810534232984,761574333457546
363.40906448600197,358.2497462716053,797.9935377645794,339.2409171340347,364.4578274729024,382.2268206593889,799.0423007514798,363.21799152181825,海南省强县怀柔乌鲁木齐街H座 596-1015709
365.0259074241401,395.2144026194384,808.6017835981364,375.81228736178,366.3368611577657,425.18574560416783,809.9127373317621,405.78363034650954,EBA银行上海分行 526278329950539
1079.4439117854456,251.85849920276814,1644.9032494306753,227.12517209503255,1080.7985639768588,282.8288869536553,1646.2579016220884,258.0955598459197,4033-253526*>+351+>-56<**5*
1080.8859608924338,284.8269764859706,1646.3452985376634,260.093649378235,1082.2406130838467,315.79736423685773,1647.6999507290764,291.06403712912214,34>19136-/9+>>5605-<19+672-
1082.3280099994217,317.79545376917304,1647.7873476446514,293.0621266614374,1083.682662190835,348.7658415200601,1649.1419998360645,324.03251441232453,924<10/62/69*8/160--788+2+3
1083.77005910641,350.7639310523755,1649.2293967516396,326.03060394463984,1085.124711297823,381.73431880326257,1650.5840489430525,357.000991695527,39+6<6<<890361<>310>><64622
108.3391800312329,499.5308633546422,368.09081923222175,488.16926432988726,109.60643530707091,528.503161573214,369.35807450805976,517.1415625484591,因此以下一下政府不是
514.9503998573962,481.74559103512206,584.8835334884316,478.6866989899957,516.2176551332343,510.7178892536939,586.1507887642697,507.65899720856754,积分~
755.7201885013897,471.21426270833,781.6953524214886,470.07810280585454,756.9874437772278,500.18656092690185,782.9626076973266,499.0504010244264,文
920.5625749174019,464.00401717338946,965.519589394496,462.0375865729511,921.8298301932399,492.9763153919613,966.7868446703341,491.00988479152295,809
1064.4250212441034,457.71143925198675,1137.3552891736117,454.52145183349785,1065.6922765199415,486.6837374705586,1138.6225444494498,483.4937500520697,53.14
1225.271228595485,450.6759875481962,1380.1231673499205,443.90272659113083,1226.538483871323,479.648285766768,1381.3904226257587,472.87502480970267,42990.26
1430.075405657803,441.71780370175486,1471.036241070267,439.92616693246663,1431.3426609336411,470.6901019203267,1472.3034963461048,468.89846515103847,10%
1620.8929559939143,433.37139826433884,1711.8060297142601,429.39483860567464,1622.1602112697522,462.3436964829107,1713.0732849900983,458.3671368242465,4299.03
109.65013376485842,529.5022063393717,473.3024286462428,513.5959677047148,110.91738904069643,558.4745045579435,474.5696839220808,542.5682659232866,主题人员一下系统以后网站个人
516.2613535910218,511.7169340198515,586.1944872220572,508.6580419747252,517.5286088668597,540.6892322384233,587.4617424978952,537.630340193297,包括*
757.0311422350153,501.18560569305953,783.0063061551141,500.049445790584,758.2983975108533,530.1579039116314,784.2735614309522,529.0217440091559,决
945.850603038811,492.9265971712185,966.8305431281217,492.0089295576806,947.1178583146491,521.8988953897903,968.0977984039597,520.9812277762524,4
1078.7235569377783,487.1147022854785,1138.6662429072373,484.49279481822737,1079.9908122136164,516.0870005040504,1139.9334981830755,513.4650930367992,1.49
1278.5325101693084,478.37501072797477,1381.4341210835462,473.8740695758603,1279.7997654451462,507.34730894654655,1382.701376359384,502.8463677944321,5.96
1431.3863593914286,471.6891466864844,1472.3471948038923,469.8975099171961,1432.6536146672665,500.6614449050562,1473.6144500797304,498.8698081357679,10%
1674.1542375677375,461.0704214441173,1713.1169834478858,459.3661815904041,1675.4214928435754,490.04271966268914,1714.3842387237237,488.33847980897593,0.60
110.96108749848395,559.4735493241011,422.66305453967055,545.8396304943952,112.22834277432196,588.4458475426729,423.9303098155086,574.8119287129671,相关一直处理使用信息主要
517.5723073246472,541.688277004581,587.5054409556827,538.6293849594547,518.8395626004854,570.6605752231528,588.7726962315207,567.6016831780265,介绍h
758.3420959686408,531.1569486777889,784.3172598887397,530.0207887753135,759.6093512444788,560.1292468963609,785.5845151645777,558.9930869938853,一
935.1730195785448,523.4223216493982,968.1414968617472,521.98027254241,936.4402748543828,552.39461986797,969.4087521375852,550.9525707609819,54
1080.034510671404,517.0860452702079,1139.977196640863,514.4641378029569,1081.301765947242,546.0583434887798,1141.2444519167009,543.4364360215287,1.49
1266.8558819428845,508.91443366394196,1382.7450748171718,503.8454125605898,1268.1231372187224,537.8867318825138,1384.0123300930097,532.8177107791616,80.46
1432.6973131250543,501.66048967121384,1473.6581485375177,499.8688529019256,1433.9645684008922,530.6327878897857,1474.9254038133558,528.8411511204974,10%
1662.4776093413136,491.60984438008455,1714.4279371815114,489.33752457513356,1663.7448646171515,520.5821425986563,1715.6951924573493,518.3098227937054,8.05
112.27204123210959,589.4448923088306,320.0733525929006,580.3556130890267,113.5392965079476,618.4171905274025,321.34060786873863,609.3279113075986,觉得的人有些大小
518.8832610582729,571.6596199893105,588.8163946893083,568.6007279441842,520.150516334111,600.6319182078823,590.0836499651464,597.573026162756,那个*
759.6530497022663,561.1282916625184,785.6282136223653,559.992131760043,760.9203049781045,590.1005898810903,786.8954688982033,588.9644299786148,汽
948.4725105060621,552.8692831406775,969.4524505953727,551.9516155271396,949.7397657819001,581.8415813592493,970.7197058712107,580.9239137457114,4
1068.35788244498,547.6254682061752,1141.2881503744884,544.4354807876863,1069.6251377208182,576.5977664247471,1142.5554056503265,573.4077790062581,53.14
1255.1792537164606,539.4538565999092,1384.0560285507972,533.8167555453193,1256.4465089922985,568.426154818481,1385.3232838266354,562.7890537638912,212.56
1434.0082668586797,531.6318326559433,1474.9691022711436,529.840195886655,1435.2755221345178,560.6041308745151,1476.2363575469815,558.812494105227,10%
1650.8009811148897,522.1492673160518,1715.7388909151368,519.3088675598631,1652.0682363907276,551.1215655346236,1717.006146190975,548.2811657784349,21.26
1186.3807198708,728.6409643548709,1368.2068673114923,720.6878450375425,1187.6916736044254,758.6123073396004,1369.5178210451177,750.659188022272,￥43289.24
1518.0635822351396,714.1330763694148,1680.9078791188365,707.0102277500491,1519.374535968765,744.1044193541442,1712.1901758371914,735.670617001153,￥4328.92
1409.573028369954,773.9310673225,1592.710129544272,795.9492909899011,1419.5634760315306,773.4940827446248,1592.710129544272,795.9492909899011,￥47618.16
608.4265228270942,810.9753200004054,972.0788177084786,795.0690813657485,609.7374765607198,840.9466629851348,973.3897714421041,825.040424350478,肆万柒仟陆佰壹拾捌圆壹角陆分
386.35075482444927,882.7482485043713,656.0928416870146,870.9496649017412,387.6617085580748,912.7195914891008,657.4037954206401,900.9210078864708,东方峻景科技有限公司
420.97977350357735,919.2699005113739,720.6932033508722,906.1603631751182,422.29072723720293,949.2412434961034,722.0041570844978,936.1317061598477,J303511192785J3
389.84663144745076,962.6718297969833,811.4435227659787,944.2310806106503,391.15758518107634,992.6431727817128,812.7544764996044,974.2024235953799,河北省斌县徐汇张路J座 417-8955153
391.50717284337645,1000.635530910974,966.9569581501826,975.4652192253632,392.81812657700203,1030.6068738957035,968.2679118838081,1005.4365622100927,EBA银行龙阳大道支行 588935579736593372
266.72601351515584,1054.139383825556,347.6486395739254,1050.599808744767,268.0369672487815,1084.1107268102855,348.959593307551,1080.5711517294965,李丽丽
690.3209943659992,1035.6112377236482,771.2436204247688,1032.071662642859,691.6319480996248,1065.5825807083775,772.5545741583944,1062.0430056275886,陈淑兰
1079.9484531674825,1018.5688391865158,1160.8710792262523,1015.0292641057267,1081.2594069011082,1048.5401821712453,1162.1820329598777,1045.0006070904562,陈成
