234.9101450419962,143.97099053271046,513.6988839417672,117.95485971593916,239.3700531820142,191.7633457726712,518.1587920817851,165.7472149558999,0365265477
1538.9242908834328,40.36062693220697,1673.3402899958223,27.817135288406575,1541.061330200525,63.26113048468824,1675.4773293129144,50.717638840887844,0365265477
1279.186412342804,44.512066587736854,1503.2130775301198,23.60624718140275,1283.5534057299049,91.3087477601984,1507.5800709172208,70.40292835386435,06301626
1520.3643925034644,78.24901792635245,1641.8366287383644,66.91341807047354,1522.9660055851414,106.12789181632951,1644.4382418200416,94.7922919604506,06301626
1439.2892455914698,135.02771598467785,1645.3937775638003,115.79436213085052,1441.8908586731468,162.9065898746549,1647.9953906454775,143.67323602082757,2017年09月13日
345.91870450614636,300.3330694575387,560.9843030859697,280.26348282745806,348.7061470936576,330.20329148251426,563.7717456734808,310.13370485243354,国讯网络有限公司
381.5897795357189,338.18243413165993,663.3655406379874,311.88755905613755,384.3772221232301,368.0526561566354,666.1529832254986,341.75778108111297,661762204785908
353.81645850409484,384.9653651949692,745.1163670312733,348.44986729857237,356.0464125741038,408.8615428149496,747.3463211012822,372.34604491855276,上海市潜江市海陵魏路A座 806-9713041
357.2543043620253,421.805305692439,851.1086418416196,375.719588245587,360.04174694953656,451.6755277174144,853.8960844291307,405.58981027056245,EBA银行龙阳大道支行 010628305965810
1063.733180634728,243.39118803226154,1627.2847028392648,190.80143788121677,1066.613537975156,274.2570841247362,1630.1650601796928,221.66733397369143,24258++211+56+/3*9046-2/0/5
1066.79936748099,276.24843225973456,1630.350889685527,223.6586821086898,1069.6797248214184,307.1143283522092,1633.2312470259553,254.52457820116445,<1<624+9>2/26>1+86*6>45<4>6
1069.8655543272525,309.1056764872076,1633.4170765317895,256.5159263361628,1072.7459116676807,339.97157257968223,1636.2974338722177,287.3818224286374,12*2>>>66951302---67>24>/60
1072.9317411735146,341.9629207146806,1636.4832633780516,289.37317056363577,1075.812098513943,372.8288168071552,1639.36362071848,320.2390666561104,519>*<//+2>>8326*885224098-
106.02444476602363,538.6537444812104,468.44980533572584,504.8327744194077,108.7189726006178,567.5282924386867,471.14433317032,533.707322376884,工作处理用户因为市场提供公司
511.26379023819067,500.837440043975,580.9609749631334,494.3334073397822,513.9583180727848,529.7119880014512,583.6555027977275,523.2079552972584,欢迎+
751.2212405054935,478.44498459096826,777.1087662604722,476.02920101512524,753.9157683400877,507.31953254844456,779.8032940950663,504.9037489726015,现
927.4555504528487,461.99907332465216,960.3127946803216,458.93288647838983,930.1500782874429,490.8736212821284,963.0073225149158,487.80743443586607,47
1045.9407644852513,450.94221772752434,1131.568734290181,442.9515489766589,1048.6352923198456,479.81676568500063,1134.263262124775,471.8260969341352,553.94
1219.188052230109,434.7750507199593,1373.517532692482,420.3732640178181,1221.8825800647032,463.6495986774356,1376.2120605270763,449.2478119752944,26035.18
1423.301236067441,415.72752637196606,1464.1238728349076,411.9180215023674,1425.9957639020354,444.60207432944236,1466.818400669502,440.7925694598437,2%
1639.3625087147636,395.56502498896833,1704.0813231022105,389.5255660493607,1642.0570365493577,424.4395729464446,1706.7758509368045,418.400114006837,520.70
108.81188735353487,568.5239665061858,367.68714490332206,544.3661307477554,111.50641518812904,597.3985144636621,370.38167273791623,573.2406787052316,具有能够部门这里不能
514.0512328257018,530.7076620689504,583.7484175506445,524.2036293647576,516.745760660296,559.5822100264268,586.4429453852388,553.0781773222338,开始*
754.0086830930047,508.31520661594374,779.8962088479834,505.89942304010066,756.7032109275989,537.18975457342,782.5907366825776,534.773970997577,自
918.2949042303696,492.98427238463205,963.1002372678329,488.80310850336525,920.9894320649638,521.8588203421084,965.794765102427,517.6776564608415,999
1074.6157328277413,478.39665617665673,1134.3561768776922,472.8217710016344,1077.3102606623354,507.27120413413303,1137.0507047122862,501.6963189591106,3.99
1234.9192576951095,463.43738095701326,1376.3049752799934,450.24348604279356,1237.6137855297036,492.31192891448956,1378.9995031145875,479.11803400026986,3986.01
1426.0886786549524,445.59774839694154,1466.9113154224187,441.7882435273429,1428.7832064895465,474.47229635441784,1469.605843257013,470.6627914848192,2%
1642.149951302275,425.4352470139438,1706.8687656897218,419.39578807433617,1644.844479136869,454.30979497142005,1709.563293524316,448.27033603181246,79.72
111.59932994104611,598.3941885311613,370.4745874908333,574.2363527727308,114.29385777564028,627.2687364886376,373.16911532542747,603.110900730207,科技如何这种大学完全
516.8386754132131,560.5778840939258,586.5358601381558,554.073851389733,519.5332032478073,589.4524320514022,589.2303879727499,582.9483993472094,希望/
756.7961256805158,538.1854286409192,782.6836514354947,535.7696450650761,759.4906535151101,567.0599765983955,785.3781792700888,564.6441930225524,情
921.0823468178809,522.8544944096076,965.8876798553441,518.6733305283408,923.776874652475,551.7290423670838,968.5822076899383,547.547878485817,765
1077.4031754152525,508.2668782016322,1137.1436194652033,502.6919930266098,1080.0977032498467,537.1414261591085,1139.8381472997976,531.566540984086,3.99
1237.7067002826207,493.30760298198874,1379.0924178675045,480.11370806776904,1240.401228117215,522.182150939465,1381.7869457020988,508.9882560252453,3052.35
1428.8761212424638,475.467970421917,1469.69875800993,471.6584655523184,1431.5706490770579,504.34251837939325,1472.3932858445241,500.5330135097946,2%
1644.937393889786,455.3054690389192,1709.656208277233,449.26601009931164,1647.6319217243804,484.1800169963955,1712.3507361118272,478.1405580567879,61.05
114.38677252855734,628.2644105561367,425.037081588302,599.2750076460202,117.08130036315151,657.138958513613,427.73160942289616,628.1495556034964,首页点击主要一直环境来源
519.6261180007243,590.4481061189014,589.323302725667,583.9440734147086,522.3206458353184,619.3226540763776,592.0178305602611,612.8186213721848,什么g
759.5835682680271,568.0556506658946,785.4710940230058,565.6398670900516,762.2780961026212,596.9301986233709,788.1656218576,594.5144150475279,一
923.8697894053921,552.724716434583,968.6751224428552,548.5435525533162,926.5643172399863,581.5992643920592,971.3696502774494,577.4181005107924,765
1067.2468551252744,539.3449920145292,1139.9310620527147,532.5622150515852,1069.9413829598684,568.2195399720055,1142.6255898873087,561.4367630090616,39.61
1227.5503799926425,524.3857167948858,1381.8798604550157,509.98393009274446,1230.2449078272366,553.260264752362,1384.57438828961,538.8584780502207,30301.65
1431.663563829975,505.33819244689244,1472.4862005974414,501.5286875772938,1434.3580916645692,534.2127404043687,1475.1807284320355,530.40323553477,2%
1634.781073599808,486.38358285181624,1712.443650864744,479.13623212428706,1637.475601434402,515.2581308092925,1715.1381786993384,508.01078008176336,606.03
1194.0531465927538,714.3197457485026,1375.265826877605,697.4092607176012,1196.840589180265,744.1899677734781,1378.053269465116,727.2794827425766,￥63375.19
1524.6169370024822,683.4720477800453,1686.9118100048488,668.3269430545677,1527.4043795899934,713.3422698050207,1719.5694746173353,695.409722492032,￥1267.50
1419.2074269205102,748.5476590662917,1603.2075497928724,761.5073960603659,1429.164167595502,747.6185115371213,1603.2075497928724,761.5073960603659,￥64642.69
620.8626542920005,825.0566390407564,983.2880148617027,791.2356689789538,623.6500968795117,854.9268610657318,986.0754574492138,821.1058910039292,陆万肆仟陆佰肆拾贰圆陆角玖分
402.59670378554097,907.6942506320397,617.6623023653642,887.624664001959,405.38414637305215,937.5644726570151,620.4497449528754,917.4948860269344,海创信息有限公司
438.98470862386154,942.4636783507462,737.6869288736161,914.5892524756341,441.7721512113727,972.3339003757217,740.4743714611272,944.4594745006096,Z72074105Z51799
410.02988401890417,987.3481760319742,830.204340503559,948.1381503009832,412.8173266064154,1017.2183980569497,832.9917830910701,978.0083723259587,广东省玲县永川陈路z座 762-1538816
413.5606446297517,1025.1837905969433,987.0689075092805,971.6648929167279,416.3480872172629,1055.0540126219184,989.8563500967917,1001.5351149417033,EBA银行龙阳大道支行 221986598753119469
291.5699461973736,1084.7763194573681,372.21954566480736,1077.2502244710877,294.35738878488485,1114.6465414823435,375.0069882523186,1107.1204464960633,高秀芳
713.7357508170267,1045.380464220543,794.3853502844604,1037.8543692342628,716.5231934045379,1075.2506862455184,797.1727928719716,1067.7245912592382,曹冬梅
1102.0486371417076,1009.1437105828973,1182.6982366091413,1001.6176155966169,1104.836079729219,1039.0139326078727,1185.4856791966527,1031.4878376215925,漆小红
335.3783561015508,16.76835557170159,613.5894410567184,48.368865188929135,329.9611258814547,64.46168442115885,608.1722108366223,96.06219403838645,5120494410
1632.9901059167264,182.27287738786816,1767.127593305825,197.5088373818886,1630.394349769597,205.12593079489977,1764.5318371586957,220.36189078892022,5120494410
1377.9020315915698,133.17018563799212,1601.464510573401,158.5634522946928,1372.5976603343925,179.86990346975244,1596.1601393162234,205.26317012645313,81792087
1607.0677408623196,215.55997684075038,1728.288285021357,229.32877031682813,1603.907689900597,243.38108533626718,1725.1282340596345,257.1498788123449,81792087
1516.0871041573605,254.54104589689916,1721.7645848206453,277.90285122106377,1512.9270531956379,282.3621543924159,1718.6045338589224,305.72395971658057,2011年05月06日
412.0304259559662,192.5422449496004,626.6504057785241,216.91978094003304,408.64465706840616,222.35057548051122,623.2646368909641,246.72811147094387,巨奥信息有限公司
439.1987610426057,236.89178348857592,720.3906790508644,268.8308699945595,435.8129921550456,266.70011401948676,717.0049101633043,298.6392005254703,083311126330979
402.4374141078793,276.9991814538477,792.9265440628111,321.35275388088496,399.72879899783123,300.84584587857637,790.217928952763,345.19941830561356,甘肃省宁德市朝阳孙路X座 173-2939018
398.26163247988853,313.76278910863766,932.8243600008892,374.48091115888207,394.8758635923284,343.57111963954856,929.4385911133292,404.2892416897929,EBA银行龙阳大道支行 925840171979500845
1126.3017690686393,283.7368084280129,1688.6856050851566,347.61498143998006,1122.8031412181604,314.5387499766208,1685.186977234678,378.4169229885879,-*087-<90761+*9>+>-865*77+>
1122.5774232923231,316.5259720120148,1684.9612593088405,380.404145023982,1119.0787954418442,347.3279135606226,1681.4626314583618,411.2060865725898,-58>/>3+-68755/8<</85/3769/
1118.853077516007,349.3151355960167,1681.2369135325243,413.19330860798385,1115.3544496655281,380.11707714462455,1677.7382856820457,443.99525015659174,</34205-043--+/-<-967054/02
1115.128731739691,382.10429918001864,1677.5125677562082,445.9824721919857,1111.630103889212,412.90624072862647,1674.0139399057298,476.7844137405936,32<-2*>3<41-<12*4-24-9+/8-<
128.4332733095282,376.7124244326884,335.1043649905098,400.18708871977174,125.16036338488675,405.5271439459022,331.83145506586834,429.0018082329855,但是音乐准备回复
532.8329575122183,422.646022340587,602.3857287510102,430.5461497448939,529.5600475875768,451.46074185380087,599.1128188263688,459.36086925810775,使用~
772.2932127772018,449.84503240398647,798.1270992373245,452.77936543987187,769.0203028525605,478.65975191720025,794.8541893126832,481.5940849530857,荐
948.1623629095757,469.821068840591,980.9515264935776,473.5454146169071,944.8894529849342,498.63578835380486,977.6786165689361,502.3601341301209,76
1105.152903705706,487.65278498174087,1151.8526215374663,492.95715623891834,1101.8799937810645,516.4675044949547,1148.579711612825,521.7718757521321,3.7
1278.0412207849888,507.2902445295894,1393.300098837844,520.3818842281551,1274.7683108603474,536.1049640428032,1390.0271889132025,549.1966037413689,281.20
1442.9806497226953,526.0248323740886,1483.7187014482734,530.6520498537541,1439.7077397980538,554.8395518873024,1480.445791523632,559.4667693669678,3%
1671.5111837930117,551.9823938453826,1723.1789567132569,557.8510599171535,1668.23827386837,580.7971133585964,1719.9060467886156,586.6657794303673,8.44
125.04750442196814,406.52075496359925,383.38636902319524,435.8640853224534,121.77459449732669,435.33547447681303,380.1134590985538,464.67880483566717,精华没有价格不会支持
529.4471886246581,452.45435287149786,598.99995986345,460.35448027580475,526.1742787000168,481.26907238471165,595.7270499388087,489.16919978901853,主题!
768.9074438896417,479.6533629348973,794.7413303497644,482.5876959707827,765.6345339650003,508.4680824481111,791.468420425123,511.4024154839965,闻
932.8532618096513,498.2750918164778,977.5657576060174,503.35374514781796,929.5803518850098,527.0898113296917,974.2928476813761,532.1684646610317,204
1063.016305127962,513.0596159588235,1148.4668526499063,522.7654867698292,1059.7433952033205,541.8743354720374,1145.1939427252648,551.5802062830429,261.19
1235.9046222072445,532.6970755066721,1389.914329950284,550.190214759066,1232.631712282603,561.5117950198859,1386.6414200256424,579.0049342722797,53282.76
1439.5948808351352,555.8331629049994,1480.3329325607133,560.4603803846649,1436.3219709104937,584.6478824182132,1477.0600226360718,589.2750998978787,3%
1629.3745852152674,577.3892248224654,1719.7931878256968,587.6593904480643,1626.101675290626,606.2039443356791,1716.5202779010556,616.4741099612781,1598.48
121.66173553440797,436.3290854945101,380.00060013563507,465.6724158533642,118.38882560976663,465.1438050077238,376.7276902109937,494.487135366578,时间特别看到不能方式
526.061419737098,482.2626834024087,595.61419097589,490.1628108067156,522.7885098124566,511.0774029156225,592.3412810512485,518.9775303199293,作品/
765.5216750020817,509.46169346580814,791.3555614622044,512.3960265016935,762.2487650774402,538.2764129790219,788.0826515375629,541.2107460149073,要
917.5441607097268,526.7291147923646,974.1799887184574,533.1620756787288,914.2712507850854,555.5438343055783,970.9070787938159,561.9767951919425,1233
1059.6305362404016,542.8679464897343,1145.081083762346,552.57381730074,1056.3576263157602,571.6826660029482,1141.8081738377045,581.3885368139538,261.19
1219.6019100896233,561.0382395196402,1386.5285610627238,579.9985452899767,1216.3290001649816,589.852959032854,1383.2556511380822,608.8132648031906,322047.27
1436.209111947575,585.6414934359102,1476.9471636731532,590.2687109155758,1432.9362020229337,614.456212949124,1473.6742537485118,619.0834304287895,3%
1625.9888163277074,607.1975553533762,1716.4074189381367,617.4677209789752,1622.715906403066,636.0122748665899,1713.1345090134955,646.2824404921889,9661.42
118.2759666468479,466.13741602542086,479.9503770885658,507.2180785278167,115.00305672220645,494.95213553863465,476.67746716392435,536.0327980410304,深圳时候操作他们更新生产制作
522.675650849538,512.0710139333195,592.2284220883298,519.9711413376264,519.4027409248965,540.8857334465333,588.9555121636884,548.7858608508402,规定/
762.1359061145215,539.2700239967189,787.9697925746443,542.2043570326043,758.8629961898802,568.0847435099328,784.6968826500029,571.0190765458182,经
949.9283884592597,560.6003679883476,970.7942198308973,562.9704062096396,946.6554785346183,589.4150875015613,967.5213099062559,591.7851257228534,2
1094.9955970430258,577.0777765744733,1141.695314874786,582.3821478316509,1091.7226871183843,605.892496087687,1138.4224049501445,611.1968673448646,3.7
1293.7178005824312,599.6495691582073,1383.1427921751635,609.8068758208875,1290.4448906577898,628.4642886714211,1379.869882250522,638.6215953341014,7.40
1432.8233430600148,615.4498239668211,1473.5613947855932,620.0770414464865,1429.5504331353736,644.2645434800348,1470.2884848609515,648.8917609597004,3%
1661.3538771303313,641.4073854381152,1713.0216500505767,647.276051509886,1658.0809672056898,670.2221049513289,1709.7487401259352,676.0907710230997,0.22
1157.4671554267034,771.3695787512886,1357.1829699838058,794.0542302979413,1154.0813865391433,801.1779092821995,1353.7972010962458,823.8625608288521,￥375618.63
1487.3460133021165,808.8387544402871,1668.1832185229755,829.379085691485,1483.9602444145564,838.6470849711978,1694.6057801663262,862.5731851099558,￥11268.56
1370.8479473772195,850.9600155296512,1567.177993046762,903.4529976072147,1380.78405755419,852.0886051588379,1567.177993046762,903.4529976072147,￥386887.19
573.7461932583664,762.434349304272,987.0883766203297,809.3836778784387,570.3604243708062,792.2426798351828,983.7026077327696,839.1920084093495,叁拾捌万陆仟捌佰捌拾柒圆壹角玖分
343.1864585755776,798.644965744787,611.4614333537751,829.1168857328279,339.80068968801754,828.4532962756979,608.0756644662149,858.9252162637388,图龙信息网络有限公司
371.68698156867015,840.1265301935902,669.7702868777783,873.9842190691911,368.30121268111,869.934860724501,666.3845179902182,903.7925496001019,267H3HHH85331H1
334.15774154208407,878.1338471605493,780.2890884880494,928.807521511032,330.771972654524,907.9421776914601,776.9033196004892,958.6158520419428,重庆市军市大东巢湖街c座 261-8771658
329.8691009511746,915.8910658330362,821.7065547112031,971.7562524777778,326.4833320636145,945.699396363947,818.3207858236431,1001.5645830086886,招商银行城北支行 830481095960881852
198.26327148355597,949.2513063918225,278.7457639170152,958.3928823882347,194.8775025959959,979.0596369227333,275.35999502945515,988.2012129191455,周丹丹
619.5543429870957,997.1035066693385,673.2093379427351,1003.1978906669467,616.1685740995355,1026.9118372002492,669.823569055175,1033.0062211978575,孙娟
1007.0626398889362,1041.1185022076197,1060.7176348445757,1047.212886205228,1003.6768710013762,1070.9268327385305,1057.3318659570157,1077.0212167361387,房桂芝
