322.7393895354845,30.067926313292105,601.6110100356484,55.180060424366275,318.4344522593003,77.87448982760594,597.3060727594643,102.98662393868017,5811698094
1623.8538938219667,165.30492840717778,1758.309853705974,177.41256449644573,1621.7911113771283,188.21224009111984,1756.2470712611362,200.31987618038772,5811698094
1367.6913687243919,122.15680289013676,1591.7846351977378,142.33619637224996,1363.4761176414615,168.9673963312357,1587.5693841148077,189.1467898133489,25234693
1598.7138492541014,199.18675479132872,1720.2221981863158,210.1284703682968,1596.202635842994,227.07391684134512,1717.710984775208,238.0156324183132,25234693
1508.6657994881846,240.2762757590275,1714.831604643663,258.84131776257163,1506.154586077077,268.1634378090439,1712.3203912325555,286.72847981258803,2004年11月22日
403.4646084839753,204.00883301932896,618.5941442983874,223.38105076215766,400.77402268636024,233.8879352157751,615.9035585007723,253.26015295860373,盟新信息有限公司
431.6585169034439,247.71356420526143,713.5180476232524,273.0947568960971,428.9679311058288,277.59266640170756,710.8274618256373,302.9738590925433,397532914427077
395.8412820573992,288.66628924259305,787.2575208308435,323.91296319135074,393.68881341930717,312.5695709997499,785.1050521927514,347.81624494850763,甘肃省成都市南长冯路b座 212-2054283
392.5228929070073,325.51718195154325,928.3547922966078,373.7683539221073,389.8323071093922,355.3962841479894,925.6642064989927,403.64745611855335,EBA银行龙阳大道支行 881073169054838207
1119.666199266144,278.54259289423993,1683.385260705761,329.30497827591137,1116.8859272752752,309.4176651639009,1680.604988714892,360.18005054557227,--99+2+88440*<360-9/0><5693
1116.7065548887674,311.4096053103307,1680.4256163283844,362.17199069200205,1113.9262828978985,342.2846775799917,1677.6453443375153,393.0470629616631,29545250<*168936473-66730-1
1113.7469105113908,344.27661772642136,1677.4659719510078,395.0390031080928,1110.9666385205219,375.1516899960824,1674.685699960139,425.9140753777538,968/4>/9>29417>22<65*8*-**6
1110.7872661340143,377.14363014251217,1674.506327573631,427.90601552418354,1108.0069941431452,408.0187024121732,1671.7260555827622,458.78108779384456,+37>+4739//1>**+*9532>4<*24
124.23388782531913,394.734302321275,279.60521924683894,408.72534846887345,121.63298822095794,423.6174344445062,277.00431964247775,437.6084805921047,主要这些所以
529.5937076237717,431.2365829755864,599.3116127488126,437.5146165033549,526.9928080194104,460.1197150988176,596.7107131444513,466.3977486265862,不会l
769.6224952685556,452.85095554976095,795.5177171721422,455.1827965743607,767.0215956641943,481.7340876729922,792.916817567781,484.06592869759197,民
922.0059164704307,466.5729431175979,978.7762106436785,471.6850561330666,919.4050168660696,495.45607524082914,976.1753110393172,500.56818825629784,1064
1077.3772478919507,480.56398926519637,1150.0830632366362,487.11108137272646,1074.7763482875894,509.44712138842766,1147.482163632275,515.9942134959576,33.43
1237.728429679545,495.00346637906404,1392.1037910278499,508.9048263334087,1235.1275300751836,523.8865985022953,1389.5028914234886,537.7879584566399,35569.52
1441.9022946885934,513.3891359961005,1482.7370676904031,517.0662699195078,1439.3013950842324,542.2722681193318,1480.1361680860418,545.949402042739,1%
1658.0278005762204,532.851039932183,1722.765855335187,538.6806424936824,1655.4269009718591,561.7341720554143,1720.1649557308258,567.5637746169136,355.70
121.54330202770404,424.61340451772105,484.07640867791713,457.25917886211755,118.94240242334286,453.49653664095234,481.4755090735558,486.1423109853488,手机发展准备经营回复地区的人
526.9031218261566,461.1156851720325,596.6210269511976,467.39371869980107,524.3022222217953,489.99881729526373,594.0201273468363,496.2768508230323,特别!
766.9319094709405,482.7300577462071,792.8271313745271,485.0618987708068,764.3310098665792,511.6131898694383,790.2262317701659,513.945030894038,助
955.1702533085511,499.68074827118215,976.0856248460634,501.5641583295127,952.5693537041898,528.5638803944134,973.4847252417021,530.447290452744,9
1061.7390511425422,509.27717094934263,1147.3924774390211,516.9901835691726,1059.138151538181,538.1603030725739,1144.7915778346598,545.8733156924038,720.74
1247.9854548337232,526.04848908781,1389.4132052302348,538.7839285298548,1245.384555229362,554.9316212110413,1386.8123056258735,567.6670606530861,6486.66
1439.2117088909783,543.2682381925466,1480.046481892788,546.9453721159539,1436.610809286617,572.1513703157779,1477.445582288427,575.8285042391852,1%
1655.3372147786054,562.7301421286292,1720.0752695375718,568.5597446901285,1652.7363151742443,591.6132742518604,1717.4743699332107,597.4428768133598,64.87
118.85271623008896,454.49250671416723,274.22404765160877,468.4835528617657,116.25181662572777,483.37563883739847,271.6231480472476,497.36668498499694,推荐国内生活
524.2125360285414,490.9947873684786,593.9304411535825,497.27282089624714,521.6116364241802,519.8779194917099,591.3295415492212,526.1559530194784,不要!
764.2413236733254,512.6091599426532,790.136545576912,514.941000967253,761.6404240689641,541.4922920658845,787.5356459725508,543.8241330904842,告
940.5280266323575,528.4836161485822,973.3950390484483,531.4432605259589,937.9271270279962,557.3667482718135,970.794139444087,560.3263926491901,90
1059.048465344927,539.1562731457888,1144.701891641406,546.8692857656187,1056.447565740566,568.03940526902,1142.1009920370448,575.75241788885,720.74
1245.2948690361081,555.9275912842562,1386.7226194326197,568.6630307263009,1242.6939694317468,584.8107234074874,1384.1217198282584,597.5461628495323,64866.60
1436.5211230933633,573.1473403889928,1477.355896095173,576.8244743124001,1433.9202234890022,602.030472512224,1474.7549964908117,605.7076064356313,1%
1639.6990180291968,591.4433238127754,1717.384683739957,598.4388468865747,1637.0981184248358,620.3264559360067,1714.7837841355956,627.3219790098059,648.67
116.16213043247387,484.3716089106133,478.6952370826869,517.0173832550098,113.56123082811268,513.2547410338445,476.09433747832566,545.900515378241,报告教育对于产品不断国家我们
521.5219502309263,520.8738895649248,591.2398553559674,527.1519230926933,518.9210506265651,549.757021688156,588.6389557516061,556.0350552159246,目前h
761.5507378757103,542.4882621390993,787.4459597792969,544.8201031636991,758.949838271349,571.3713942623306,784.8450601749357,573.7032352869303,京
913.9341590775855,556.2102497069363,970.7044532508331,561.3223627224049,911.3332594732243,585.0933818301676,968.1035536464719,590.2054948456363,1064
1082.2531014508986,571.3672163668347,1142.011305843791,576.7483879620648,1079.6522018465375,600.2503484900659,1139.4104062394297,605.6315200852961,4.58
1242.6042832384928,585.8066934807023,1384.0320336350046,598.5421329227471,1240.0033836341318,614.6898256039335,1381.4311340306433,627.4252650459783,4873.12
1433.8305372957482,603.0264425854389,1474.6653102975579,606.7035765088461,1431.2296376913869,631.9095747086701,1472.0644106931968,635.5867086320775,1%
1649.9560431833752,622.4883465215214,1714.6940979423416,628.3179490830207,1647.355143579014,651.3714786447526,1712.0931983379805,657.2010812062521,48.73
1162.1805666075277,765.3172107304227,1362.3705513237167,783.344135574444,1159.4899808099126,795.1963129268689,1359.6799655261016,813.22323777089,￥111795.90
1492.842630914865,795.0930268906965,1655.1857528488888,809.7118763910718,1490.1520451172496,824.9721290871425,1682.37426924772,842.281564385133,￥1117.96
1377.357212159053,839.9162134663386,1574.856611077627,887.8222405068058,1387.3169128912018,840.8130753988769,1574.856611077627,887.8222405068058,￥112913.86
578.409841054219,769.9798266231915,992.7333915116052,807.2892830167874,575.7192552566038,799.8589288196376,990.0428057139901,837.1683852132335,壹拾壹万贰仟玖佰壹拾叁圆捌角陆分
348.7560305991351,811.5505776804002,617.6679503671503,835.7658498589361,346.06544480152,841.4296798768464,614.9773645695352,865.6449520553822,艾提科信信息有限公司
378.21496767158,852.357084839942,736.7641940289336,884.644114411323,375.5243818739649,882.2361870363882,734.0736082313185,914.5232166077692,Y58600050418073186
341.58113513882824,891.22818353759,788.7716980123053,931.4972843085625,338.89054934121316,921.107285734036,786.0811122146902,961.3763865050087,云南省嘉禾县南溪翟街U座 727-6566325
338.17305979518244,929.0750463197551,831.1782460365436,973.4697119804041,335.48247399756735,958.9541485162013,828.4876602389285,1003.3488141768503,招商银行上海分行 128877330968561427
207.37992322070954,965.4914632908317,261.1623071743127,970.3345177265388,204.68933742309446,995.3705654872778,258.4717213766976,1000.2136199229849,张博
629.671234263815,1003.5184092304582,683.453618217418,1008.3614636661655,626.9806484661999,1033.3975114269044,680.7630324198028,1038.2405658626117,刘强
1018.0995628176146,1038.4960245994544,1071.8819467712176,1043.3390790351616,1015.4089770199995,1068.3751267959005,1069.1913609736025,1073.2181812316078,吴春梅
236.79858207893676,141.00955391033636,515.7005552282508,116.2367992508444,241.04534002056403,188.821320735933,519.9473131698779,164.04856607644103,5200925351
1541.2617623045562,43.21481256059417,1675.732356501547,31.270805849767612,1543.296667151586,66.12461749785916,1677.7672613485765,54.18061078703272,5200925351
1281.507954665763,46.20804110995891,1505.6256116607474,26.301363258581432,1285.6662384836063,93.02372946002231,1509.7838954785907,73.11705160864483,98262878
1522.533104299045,81.02006840303744,1644.054678314103,70.22622530140166,1525.010379764994,108.91026571796885,1646.5319537800524,98.11642261633307,98262878
1441.2055874685952,137.4366883495827,1647.393831903981,119.12254472631548,1443.6828629345446,165.32688566451418,1649.87110736993,147.0127420412469,2002年01月13日
347.10882027825755,297.8650649656038,616.0500086722388,273.9770515439508,349.76304399177457,327.7474192316017,618.7042323857559,303.8594058099487,华远软件信息有限公司
382.6107705704619,335.8731105013828,664.5009791463756,310.83493347053917,385.2649942839789,365.7554647673808,667.1552028598926,340.71728773653706,071759029086287
354.62912079988905,382.53173538593126,787.9232576568588,344.0454915399348,356.7524997707027,406.43761879872955,790.0466366276725,367.9513749527331,西藏自治区兴城县秀英赵路q座 365-5745881
357.9026633798934,419.386638980662,774.2634661527976,382.4044552389919,360.5568870934103,449.26899324665993,776.9176898663146,412.2868095049898,汉口银行城北支行 143540462913212
1065.1700639000467,244.12448059652854,1628.950481051874,194.04812653484123,1067.9127617373474,275.0029133380597,1631.693178889175,224.92655927637242,5245-12852328>*4291<*+93<1*
1068.0897099849153,276.99507028912626,1631.8701271367427,226.91871622743895,1070.8324078222163,307.87350303065745,1634.6128249740436,257.79714896897013,057+44<7361<-75/<0><*/5/>09
1071.009356069784,309.865659981724,1634.7897732216115,259.78930592003667,1073.752053907085,340.7440927232551,1637.5324710589125,290.66773866156785,/6-4<186+1571888+*2/7>05160
1073.9290021546526,342.7362496743217,1637.7094193064802,292.6598956126344,1076.6716999919536,373.6146824158528,1640.452117143781,323.53832835416557,*17+484742*7>>6*+542+>7-2+3
106.15427477761409,535.1136835128534,468.7268398717222,502.90910245551385,108.72002436734715,563.9999593033181,471.2925894614553,531.7953782459786,因为出来同时这里欢迎如此音乐
511.5582143196525,499.1047151328062,581.283707606981,492.9115264679332,514.1239639093856,527.9909909232708,583.8494571967142,521.7978022583978,一个~
751.6131269231691,477.78245130088635,777.511167287034,475.4821240825049,754.1788765129022,506.66872709135095,780.0769168767671,504.3683998729696,产
927.9190170925569,462.122531391136,960.7896067851545,459.2028853062674,930.48476668229,491.0088071816007,963.3553563748877,488.089161096732,23
1072.3503960448802,449.29378344247056,1132.115104576876,443.9853360154366,1074.9161456346133,478.1800592329352,1134.6808541666092,472.87161180590124,9.41
1245.668050787668,433.89928590407203,1374.162174131459,422.4861239359489,1248.2338003774012,462.7855616945367,1376.7279237211924,451.37239972641356,216.43
1423.9660979081223,418.0624177467539,1464.8053154049862,414.43497867161403,1426.5318474978553,446.94869353721856,1467.3710649947193,443.3212544620787,1%
1653.064147280773,397.71336927645694,1704.8602280085029,393.11271483969415,1655.6298968705062,426.5996450669216,1707.425977598236,421.9989906301588,2.16
108.8084984911311,564.9960377788514,367.7889021297797,541.9927655950373,111.37424808086416,593.882313569316,370.35465171951284,570.879041385502,价格可以系统不会中文
514.2124380331695,528.9870693988041,583.937931320498,522.7938807339311,516.7781876229026,557.8733451892688,586.5036809102312,551.6801565243958,由于h
754.2673506366862,507.66480556688424,780.165391000551,505.36447834850287,756.8331002264192,536.5510813573488,782.7311405902841,534.2507541389675,地
930.5732408060738,492.00488565713397,963.4438304986716,489.08523957226527,933.138990395807,520.8911614475986,966.0095800884047,517.9715153627299,23
1075.0046197583972,479.1761377084685,1134.7693282903929,473.86769028143453,1077.5703693481303,508.06241349893315,1137.3350778801262,502.75396607189913,9.41
1248.3222745011851,463.7816401700699,1376.816397844976,452.3684782019468,1250.8880240909182,492.6679159605346,1379.3821474347092,481.25475399241145,216.43
1426.6203216216393,447.94477201275186,1467.4595391185032,444.3173329376119,1429.1860712113726,476.8310478032165,1470.0252887082363,473.2036087280766,1%
1655.7183709942901,427.5957235424549,1707.5144517220199,422.9950691056921,1658.2841205840232,456.48199933291954,1710.080201311753,451.88134489615675,2.16
111.462722204648,594.8783920448493,318.6470451155669,576.4757742977981,114.02847179438118,623.764667835314,321.2127947053001,605.3620500882628,数据主要很多提高
516.8666617466865,558.8694236648021,586.592155034015,552.6762349999291,519.4324113364196,587.7556994552667,589.1579046237481,581.5625107903937,那个!
756.9215743502032,537.5471598328821,782.819614714068,535.2468326145007,759.4873239399362,566.4334356233468,785.3853643038011,564.1331084049655,注
945.18040622599,520.825550437725,966.0980542121886,518.9675938382632,947.7461558157231,549.7118262281897,968.6638038019216,547.8538696287278,9
1077.6588434719142,509.0584919744664,1137.42355200391,503.7500445474324,1080.2245930616473,537.944767764931,1139.9893015936432,532.6363203378971,9.41
1263.9255183966345,492.51383082687715,1379.4706215584931,482.25083246794475,1266.4912679863676,521.4001066173417,1382.0363711482262,511.1371082584094,84.69
1429.2745453351563,477.8271262787498,1470.1137628320203,474.19968720360987,1431.8402949248893,506.71340206921445,1472.6795124217533,503.0859629940745,1%
1658.372594707807,457.4780778084528,1710.168675435537,452.87742337169004,1660.9383442975402,486.36435359891743,1712.73442502527,481.7636991621547,0.85
114.11694591816502,624.7607463108471,373.0973495568137,601.7574741270332,116.68269550789819,653.6470221013118,375.66309914654687,630.6437499174979,事情回复设备地方信息
519.5208854602035,588.7517779307999,589.2463787475319,582.5585892659269,522.0866350499366,617.6380537212646,591.8121283372651,611.4448650563916,觉得~
759.5757980637202,567.4295140988801,785.473838427585,565.1291868804987,762.1415476534532,596.3157898893447,788.0395880173181,594.0154626709633,意
923.9287465267087,552.8312836745366,968.7522779257056,548.8499481042611,926.4944961164418,581.7175594650013,971.3180275154386,577.7362238947258,244
1067.3640470034986,540.091009849655,1140.077775717427,533.6323988134303,1069.929796593232,568.9772856401197,1142.64352530716,562.518674603895,64.44
1227.7326815643542,525.8466759204472,1382.1248452720101,512.1331867339427,1230.2984311540872,554.7329517109118,1384.6905948617432,541.0194625244073,15723.36
1431.9287690486733,507.7094805447477,1472.767986545537,504.0820414696078,1434.4945186384066,536.5957563352124,1475.3337361352703,532.9683172600725,1%
1635.1287780574592,489.6607592928321,1712.8228991490537,482.75977763768793,1637.6945276471924,518.5470350832968,1715.388648738787,511.6460534281526,157.23
1193.388866335963,715.6294526826132,1374.6751488830173,699.5271621539434,1196.0430900494803,745.5118069486111,1377.329372596534,729.4095164199413,￥16240.91
1524.0869202130066,686.2560435863584,1667.5222206897968,673.5157697614768,1526.7411439265238,716.1383978523563,1700.0587986693117,700.7439003139577,￥162.41
1418.388286236929,750.8609874807008,1602.3287924975,764.6410512180289,1428.3490709922617,749.9762462428619,1602.3287924975,764.6410512180289,￥16403.32
619.7102971068191,823.809391706455,982.2828622009272,791.6048106491155,622.3645208203361,853.691745972453,984.9370859144441,821.4871649151133,壹万陆仟肆佰零拾叁圆叁角贰分
401.0780357864365,905.4729350408949,616.2309865016215,886.3625243035725,403.73225949995344,935.3552893068927,618.8852102151384,916.2448785695703,超艺信息有限公司
437.31064218282233,940.4042710262902,795.8988933747974,908.5535864640863,439.9648658963393,970.2866252922881,798.5531170883144,938.4359407300842,46814136I995972892
408.15596568914845,985.159213083556,828.5010823641858,947.8231328467502,410.81018940266546,1015.0415673495538,831.1553060777028,977.7054871127482,河北省帆县新城金街b座 909-3053933
411.51798239293663,1023.01019515382,862.7415318095052,982.9314170797134,414.17220610645364,1052.892549419818,865.3957555230222,1012.8137713457113,汉口银行上海分行 933358875963860
289.2627739418392,1082.0581756999718,369.9451304600336,1074.8917716734761,291.9169976553562,1111.9405299659697,372.59935417355064,1104.7741259394738,王丽丽
711.6000475679432,1044.5451472155985,765.3882852467394,1039.767544531268,714.2542712814602,1074.4275014815962,768.0425089602564,1069.6498987972657,张飞
1100.0706530259163,1010.0402389398776,1153.8588907047124,1005.2626362555469,1102.724876739433,1039.9225932058753,1156.5131144182294,1035.1449905215447,李璐
