233.35941069069577,146.42482832590815,512.0503825584287,119.38148904580942,237.9954117101413,194.20042350323382,516.6863835778742,167.1570842231351,0240231741
1536.9828796551114,38.00964873751536,1671.3517410913396,24.970895870324853,1539.2042968102623,60.902121426650524,1673.5731582464907,47.863368559460014,0240231741
1277.2620635860228,43.118239581054354,1501.2101659797368,21.386984802403504,1281.8014812508966,89.89850985885238,1505.7495836446105,68.16725508020158,43612479
1518.5627326300878,75.96617892108878,1639.9923703724571,64.18300966333146,1521.2670665580977,103.83527610786206,1642.696704300467,92.05210685010474,43612479
1437.69737564473,133.04326749111522,1643.7296298469469,113.05051309475652,1440.40170957274,160.9123646778885,1646.4339637749567,140.9196102815298,2009年03月06日
344.94343790426274,302.3767596086017,640.5549330639651,273.69150330078264,347.8409385414162,332.2365065944302,643.4524337011185,303.55125028661115,数字100科技有限公司
380.75375222658954,340.09441314293696,662.4306987929053,312.7613237991228,383.651252863743,369.95416012876547,665.3281994300587,342.62107078495137,398280043306497
353.1530230428642,386.97937606844914,765.2175314472977,346.99386727573165,355.471023552587,410.86717365711195,767.5355319570206,370.8816648643945,浙江省建军市涪城沈阳路q座 007-5439833
356.72660716202006,423.806397350971,850.4077573277183,375.9010534833675,359.62410779917354,453.6661443367995,853.3052579648718,405.76080046919594,招商银行北京东三环支行 303617805621432
1062.543199109865,242.7899933121953,1625.8970922424965,188.1238146245671,1065.5372831015902,273.6450651975514,1628.8911762342218,218.9788865099232,82*<79<63-+>24**>09+1411<61
1065.730449810734,275.6357149966066,1629.0843429433653,220.96953630897843,1068.724533802459,306.4907868819628,1632.0784269350906,251.8246081943346,>844*82<4<+-04<00-8->2+69>9
1068.9177005116026,308.481436681018,1632.2715936442341,253.81525799338982,1071.911784503328,339.33650856637416,1635.2656776359593,284.670329878746,+/6/8*1-258959<*1183-3+101+
1072.1049512124714,341.32715836542945,1635.458844345103,286.6609796778012,1075.0990352041968,372.18223025078555,1638.452928336828,317.5160515631573,*<<5*72*2<4389-43034*9/9923
105.9290603604876,541.5798685502743,468.22732378854033,506.42352748614593,108.72997764306922,570.4442906365753,471.028241071122,535.2879495724468,今年精华您的他的怎么网站两个
511.0262944682279,502.2704432395593,580.699037435161,495.50960841953463,513.8272117508095,531.1348653258602,583.4999547177428,524.3740305058355,无法h
750.8995952543837,478.99385478776003,776.7780426421017,476.4826875688937,753.7005125369653,507.85827687406095,779.5789599246833,505.34710965519463,系
939.0160012651033,460.7396007736934,959.9178241551833,458.711350327686,941.816918547685,489.6040228599943,962.718741437765,487.57577241398684,1
1058.4549892084174,449.1495982250796,1131.1137068739336,442.09901334133957,1061.255906490999,478.0140203113805,1133.9146241565152,470.9634354276405,71.41
1257.519969113941,429.83292731072333,1372.9776574591444,418.62925818039673,1260.3208863965226,458.69734939702425,1375.778574741726,447.49368026669765,71.41
1422.7439024355253,413.80009045180765,1463.5522233161578,409.84017291436464,1425.544819718107,442.6645125381085,1466.3531405987392,438.7045950006655,12%
1651.6686293268774,391.58591890029794,1703.4255241023134,386.5635844625653,1654.469546609459,420.45034098659886,1706.2264413848952,415.4280065488662,8.57
108.82656099764108,571.4396155361028,315.8541400993855,551.3502777851724,111.6274782802227,600.3040376224037,318.65505738196714,580.2146998714733,得到其他一次主题
513.9237951053813,532.1301902253879,583.5965380723145,525.3693554053632,516.724712387963,560.9946123116888,586.3974553548962,554.2337774916641,个人#
753.7970958915371,508.85360177358854,779.6755432792552,506.3424345547222,756.5980131741187,537.7180238598894,782.4764605618368,535.2068566410231,别
941.9135019022568,490.5993477595219,962.8153247923367,488.5710973135145,944.7144191848384,519.4637698458228,965.6162420749184,517.4355193998153,1
1074.29171353943,477.75376160147493,1134.011207511087,471.9587603271681,1077.0926308220116,506.61818368777585,1136.8121247936685,500.823182413469,5.45
1273.3566934449534,458.4370906871187,1375.875158096298,448.48900516622524,1276.157610727535,487.30151277341963,1378.6760753788797,477.3534272525261,5.45
1425.6414030726787,443.65983743763616,1466.4497239533111,439.6999199001931,1428.4423203552606,472.5242595239371,1469.2506412358928,468.564341986494,12%
1654.566129964031,421.44566588612645,1706.323024739467,416.4233314483938,1657.3670472466124,450.31008797242737,1709.1239420220486,445.28775353469473,0.65
111.72406163479445,601.2993625219314,422.26543028741105,571.1653558955356,114.52497891737619,630.1637846082323,425.06634756999273,600.0297779818364,一般一点规定已经一直以后
516.8212957425347,561.9899372112163,586.494038709468,555.2291023911916,519.6222130251165,590.8543592975172,589.2949559920496,584.0935244774926,中国~
756.6945965286906,538.713348759417,782.5730439164086,536.2021815405508,759.4955138112722,567.577770845718,785.3739611989902,565.0666036268517,地
932.8671037450788,521.6180950002117,965.7128254294902,518.430844299343,935.6680210276604,550.4825170865126,968.5137427120718,547.2952663856439,86
1051.3107667888653,510.1246758061698,1136.9087081482403,501.8185073129966,1054.111684071447,538.9890978924707,1139.7096254308221,530.6829293992976,444.92
1224.4972993066708,493.31917211067986,1378.7726587334514,478.34875215205375,1227.2982165892524,522.1835941969807,1381.573576016033,507.21317423835467,38263.12
1428.538903709832,473.51958442346466,1469.3472245904645,469.55966688602166,1431.339820992414,502.3840065097656,1472.1481418730464,498.4240889723226,12%
1618.645959519607,455.07216370025446,1709.2205253766203,446.2830784342224,1621.4468768021889,483.9365857865554,1712.021442659202,475.1475005205233,4591.57
114.62156227194794,631.1591095077599,373.40603614912845,606.0474373190967,117.42247955452956,660.0235315940608,376.2069534317101,634.9118594053976,地方关系手机然后阅读
519.7187963796882,591.8496841970449,589.3915393466214,585.0888493770202,522.5197136622699,620.7141062833458,592.192456629203,613.9532714633211,感觉-
759.5920971658439,568.5730957452456,785.470544553562,566.0619285263792,762.3930144484257,597.4375178315465,788.2714618361437,594.9263506126802,究
947.7085031765637,550.318841731179,968.6103260666437,548.2905912851716,950.5094204591453,579.1832638174799,971.4112433492253,577.1550133714725,1
1080.0867148137368,537.4732555731321,1139.806208785394,531.6782542988251,1082.8876320963184,566.3376776594329,1142.6071260679755,560.542676385126,5.45
1279.1516947192604,518.1565846587757,1381.6701593706048,508.20849913788226,1281.9526120018418,547.0210067450766,1384.4710766531864,537.0729212241831,5.45
1431.4364043469857,503.3793314092932,1472.244725227618,499.41941387185017,1434.2373216295673,532.2437534955941,1475.0456425101997,528.283835958151,12%
1660.3611312383377,481.1651598577835,1712.118026013774,476.1428254200509,1663.1620485209194,510.0295819440844,1714.9189432963553,505.0072475063518,0.65
1194.597734018267,713.2351014918061,1375.7468657322934,695.6569309597419,1197.4952346554205,743.0948484776345,1378.6443663694467,725.5166779455703,￥38345.43
1525.0456006614359,681.1694277739747,1687.2835592844376,665.4263409787743,1527.9431012985895,711.0291747598031,1720.0408069074197,692.3885873274494,￥4601.45
1419.8766213153185,746.6330496054613,1603.923253666498,758.9146260592256,1429.8298703105945,745.6672160597435,1603.923253666498,758.9146260592256,￥42946.88
621.8192186033128,826.0835497710852,984.1174820313655,790.9272087069568,624.7167192404663,855.9432967569137,987.014982668519,820.7869556927853,肆万贰仟玖佰肆拾陆圆捌角捌分
403.8592841930494,909.5249483204482,618.8494624910147,888.6629437329434,406.75678483020283,939.3846953062769,621.7469631281681,918.5226907187721,超艺科技有限公司
440.3751733511884,944.160043801629,798.6921371811306,909.3900361557877,443.27267398834186,974.0197907874574,801.5896378182841,939.2497831416163,43427Z3366860213ZZ
411.58595255879186,989.1509402826576,858.486832446692,945.7850140799278,414.48345319594534,1019.0106872684862,861.3843330838455,975.6447610657564,四川省沈阳市崇文刘路p座 463-6167179
415.25612003251956,1026.9732864647071,866.1382995185302,983.2210268436902,418.15362066967305,1056.8330334505356,869.0358001556837,1013.0807738295186,汉口银行上海分行 451158000588505
293.48585881195766,1087.014967672649,374.10717567369466,1079.1917159523346,296.38335944911114,1116.8747146584774,377.004676310848,1109.0514629381632,陈丹丹
715.5036162116673,1046.0636253342136,769.2511607861587,1040.8481241873376,718.4011168488208,1075.9233723200423,772.1486614233122,1070.707871173166,王飞
1103.6803270274381,1008.396117051219,1157.4278716019294,1003.1806159043429,1106.5778276645915,1038.2558640370476,1160.325372239083,1033.0403628901713,李成
255.17870660086487,113.60802440906787,534.8734577686364,100.53721076957368,257.4194175104925,161.55569603782868,537.1141686782639,148.4848823983345,6157393117
1562.5930250757078,70.52902898250187,1697.4458515315978,64.22702954917435,1563.6666990532376,93.50395497128312,1698.5195255091276,87.2019555379556,6157393117
1302.9417506998411,62.64133508705032,1527.6964614596575,52.138002698171135,1305.1357801321847,109.59009689021195,1529.8904908920013,99.08676450133271,67218121
1542.2975420947464,107.51677520431849,1664.164540817847,101.82163497568177,1543.6046234586959,135.4862503210956,1665.4716221817962,129.7911100924589,67218121
1458.678689480128,160.47796370509457,1665.4530233791593,150.81489790732564,1459.9857708440775,188.44743882187169,1666.7601047431085,178.78437302410282,1996年08月13日
358.8231750875152,274.9456336392772,628.5288279992949,262.34163477262217,360.2236194060324,304.9129284072527,629.9292723178121,292.30892954059766,浦华众城信息有限公司
392.70223007532934,314.4071292157587,675.3937107198984,301.19627114441283,394.1026743938466,344.37442398373423,676.7941550384156,331.1635659123884,338801577354081
362.79110065664736,359.8529688152079,755.3626621171267,341.5071482426321,363.9114561114611,383.82680462958825,756.4830175719404,365.4809840570125,陕西省健县静安南昌街Y座 791-6377391
364.518315316152,396.81263236237766,782.0626224166109,377.2997748577043,365.9187596346692,426.77992713035314,783.4630667351281,407.26706962567977,汉口银行上海分行 201334986111666
1078.5050642917668,251.32406825085553,1643.888025580905,224.90235210816377,1079.952190087568,282.2902728444302,1645.335151376706,255.8685567017385,48+9*-1<18-30754<90*07*+5/2
1080.0455530421357,284.2880924956286,1645.4285143312738,257.86637635293687,1081.4926788379369,315.2542970892033,1646.8756401270748,288.8325809465116,6683*1+4957-2/413--+31557-8
1081.5860417925046,317.2521167404017,1646.9690030816428,290.83040059770997,1083.0331675883058,348.2183213339764,1648.416128877444,321.79660519128464,04*->-/455-7947>5-3<<<8//13
1083.1265305428735,350.2161409851747,1648.5094918320117,323.79442484248295,1084.5736563386747,381.18234557874945,1649.9566176278129,354.7606294360577,2>322/23-6049*7*+-3+2<46244
108.1442282221683,501.8951117142017,367.8607828779561,489.75792762038566,109.49799106340163,530.863496656578,369.21454571918946,518.726312562762,日期感觉这么你们次数
514.7005272410363,482.89575045965125,584.6242150329791,479.6280470497777,516.0542900822695,511.86413540202756,585.9779778742125,508.59643199215407,事情l
755.4377952104396,471.6455144342295,781.4094506760183,470.4317960248479,756.7915580516728,500.61389937660584,782.7632135172516,499.40018096722423,何
920.2579164343049,463.9430706823847,965.2088585862682,461.8424042046089,921.6116792755382,492.91145562476106,966.5626214275015,490.8107891469852,333
1064.1009313205875,457.220937953502,1137.0213485893278,453.81319011177675,1065.4546941618207,486.1893228958784,1138.3751114305612,482.7815750541531,981.4
1224.925413242056,449.7052201107929,1379.7564362099295,442.4695911317872,1226.2791760832893,478.67360505316924,1381.110199051163,471.43797607416354,326806.20
1429.7019274898887,440.1355172675918,1470.6572303394553,438.2215766989516,1431.0556903311222,469.10390220996817,1472.0109931806887,467.18996164132795,3%
1620.4937041793328,431.21935510636547,1711.3944983088586,426.9713406735299,1621.847467020566,460.1877400487418,1712.7482611500918,455.9397256159062,9804.19
109.54467254068561,531.8624064821772,265.37460533415833,524.5800960258875,110.89843538191894,560.8307914245535,266.72836817539167,553.5484809682639,制作系列规定
516.1009715595535,512.8630452276268,586.0246593514963,509.59534181775325,517.4547344007867,541.831430170003,587.3784221927297,538.5637267601296,各种l
756.8382395289568,501.612809202205,782.8098949945356,500.3990907928234,758.1920023701902,530.5811941445813,784.1636578357688,529.3674757351997,产
933.6452786600123,493.35018772295336,966.6093029047854,491.8096989725844,934.9990415012456,522.3185726653297,967.9630657460187,520.7780839149607,60
1078.487203371894,486.58137351678675,1138.421792907845,483.7804848797523,1079.8409662131273,515.5497584591631,1139.7755557490784,512.7488698221287,5.31
1265.2833407589414,477.851937264696,1381.156880528447,472.43688589976273,1266.6371036001747,506.8203222070723,1382.51064336968,501.40527084213903,318.60
1431.1023718084061,470.10281203556735,1472.0576746579727,468.18887146692714,1432.4561346496394,499.07119697794366,1473.411437499206,497.15725640930344,3%
1660.8516316962182,459.36607226026854,1712.7949426273758,456.93863544150537,1662.2053945374516,488.3344572026449,1714.1487054686093,485.9070203838817,9.56
110.94511685920281,561.8297012501527,318.71836058383315,552.1199539750999,112.29887970043615,590.798086192529,320.0721234250665,581.0883389174762,虽然计划之后中国
517.5014158780707,542.8303399956022,587.4251036700136,539.5626365857288,518.855178719304,571.7987249379786,588.7788665112469,568.531021528105,积分+
758.238683847474,531.5801039701805,784.2103393130528,530.3663855607989,759.5924466887074,560.5484889125569,785.5641021542862,559.3347705031753,地
935.0457229785296,523.3174824909289,968.0097472233026,521.7769937405599,936.399485819763,552.2858674333052,969.363510064536,550.7453786829362,37
1079.8876476904113,516.5486682847622,1139.8222372263622,513.7477796477278,1081.2414105316445,545.5170532271386,1141.1760000675956,542.7161645901041,5.31
1253.6979573446692,508.42609123736236,1382.557324846964,502.4041806677382,1255.0517201859025,537.3944761797386,1383.9110876881973,531.3725656101145,196.47
1432.5028161269233,500.07010680354284,1473.45811897649,498.1561662349026,1433.8565789681566,529.0384917459191,1474.8118818177231,527.1245511772789,3%
1662.2520760147354,489.3333670282441,1714.195386945893,486.90593020948086,1663.6058388559688,518.3017519706204,1715.5491497871265,515.8743151518572,5.89
112.34556117772001,591.7969960181282,475.948737695823,574.8049382867858,113.69932401895335,620.7653809605046,477.30250053705635,603.7733232291622,等级中国可是功能经营主题控制
518.9018601965879,572.7976347635778,588.8255479885308,569.5299313537042,520.2556230378212,601.7660197059541,590.1793108297641,598.4983162960806,搜索g
759.6391281659912,561.5473987381561,785.61078363157,560.3336803287744,760.9928910072246,590.5157836805324,786.9645464728034,589.3020652711508,种
924.4592493898566,553.8449549863113,969.4101915418199,551.7442885085354,925.8130122310899,582.8133399286876,970.7639543830533,580.7126734509118,333
1068.302264276139,547.1228222574285,1141.2226815448796,543.7150744157033,1069.6560271173726,576.0912071998049,1142.5764443861128,572.6834593580796,981.4
1229.1267461976076,539.6071044147194,1383.9577691654813,532.3714754357137,1230.480509038841,568.5754893570958,1385.3115320067145,561.3398603780901,326806.20
1433.9032604454405,530.0374015715183,1474.8585632950071,528.1234610028781,1435.2570232866738,559.0057865138947,1476.2123261362403,557.0918459452545,3%
1624.6950371348844,521.121239410292,1715.5958312644102,516.8732249774564,1626.0487999761178,550.0896243526684,1716.9495941056437,545.8416099198328,9804.19
1186.8650998668563,727.7850873176469,1387.645974812292,718.4021103835815,1188.2655441853735,757.7523820856225,1389.0464191308092,748.369405151557,￥654127.47
1518.5031619657852,712.2868368593896,1700.3047502248369,703.7908079937184,1519.9036062843024,742.2541316273652,1731.6724893113296,732.3576584431767,￥19623.82
1410.1916525748907,772.4085212458585,1612.372971838844,792.9928390797686,1420.1807508308825,771.9417064730194,1612.372971838844,792.9928390797686,￥673751.29
609.1593353989131,811.8448856787509,1024.7058228481735,792.4253911286452,610.5597797174303,841.8121804467263,1026.1062671666907,822.3926858966207,陆拾柒万叁仟柒佰伍拾壹圆贰角玖分
387.29887623069885,884.2806272547793,603.0633985601227,874.1974281614553,388.6993205492161,914.2479220227549,604.4638428786399,904.1647229294308,精芯网络有限公司
422.0367966122605,920.6987118771794,781.6443338279666,903.8933800549728,423.4372409307777,950.666006645155,783.044778146484,933.8606748229482,2N5341905N90443393
391.03339441341154,964.1934133027141,839.5439061074451,943.2334300022396,392.43383873192874,994.1607080706897,840.9443504259624,973.2007247702152,辽宁省杭州县南溪田街K座 031-5668011
392.8072905502,1002.1519866754832,872.2840068378083,979.7448775792075,394.20773486871724,1032.1192814434587,873.6844511563255,1009.712172347183,EBA银行上海分行 232828570011935
268.1864536087312,1056.0282059193003,349.09814948226506,1052.2470062593038,269.5868979272484,1085.9955006872756,350.49859380078226,1082.2143010272794,李桂芝
691.7242196627852,1036.2352595509233,745.6653502451411,1033.7144597775923,693.1246639813024,1066.2025543188988,747.0657945636584,1063.6817545455679,王颖
1081.299051646467,1018.0294834101994,1135.240182228823,1015.5086836368685,1082.6994959649842,1047.996778178175,1136.6406265473402,1045.4759784048438,岳红
