360.24071230017887,62.37504663578153,640.0868404602753,71.65645567767308,358.6496136072832,110.34866860608378,638.4957417673796,119.63007764797533,3477616292
1614.622346285565,131.9934085825617,1749.54815807704,136.4683736563308,1613.8599448285524,154.98076910999816,1748.7857566200273,159.45573418376728,3477616292
1381.4801927479189,102.24889238497337,1606.3565457337104,109.7071675079219,1379.9222419444584,149.22306389756096,1604.7985949302501,156.68133902050948,83843776
1598.4372654001736,167.47640671875848,1720.3702212413586,171.52044922986835,1597.5091244959845,195.46101953476813,1719.4420803371695,199.505062045878,83843776
1511.9923214698406,209.63410671391404,1691.893403858474,215.60072681227285,1511.0641805656514,237.61871952992368,1690.9652629542848,243.5853396282825,1973年09月15日
446.52186531648397,236.33068073303332,706.3789843222878,244.94913198621833,445.5605765228595,265.31474400675756,705.4176955286633,273.9331952599426,东方峻景科技有限公司
470.2816548502426,274.1390449043578,753.126134383483,283.5198976145553,469.2872181671828,304.1225586357967,752.1316977004232,313.5034113459942,969465051443145
440.7059433413373,321.1845259704709,833.4899732231869,334.21164651855435,439.91039399488943,345.171336955622,832.694423876739,358.19845750370547,江西省娜县普陀台北街P座 480-0613949
442.31208335819747,363.2608888627913,980.0164296086684,381.0944533789972,441.350794564573,392.2449521365156,979.055140815044,410.0785166527214,招商银行北京东三环支行 222613602038497611
1137.009540039552,263.2336741637027,1702.6984991060326,281.9953795840977,1135.9819554670569,294.2166383528562,1701.6709145335374,312.9783437732512,052858/*194*644101376>8-*15
1135.9156596881862,296.21553926828545,1701.6046187546667,314.97724468868046,1134.888075115691,327.198503457439,1700.5770341821717,345.960208877834,067003>241/*/3+44-3/-5810>4
1134.8217793368203,329.1974043728683,1700.5107384033008,347.9591097932632,1133.7941947643253,360.1803685620218,1699.4831538308058,378.9420739824168,7+7106*93*91<271/+920+8>12+
1133.7278989854547,362.17926947745104,1699.4168580519352,380.94097489784605,1132.7003144129594,393.16223366660455,1698.38927347944,411.92393908699955,0855+*0-2909+4</+740-1/1*61
188.76503942756392,435.8962556894093,396.6507346322069,442.7910166919573,187.80375063393944,464.88031896313356,395.6894458385824,471.7750799656816,无法不同北京包括
599.5391775482767,449.52003824732867,669.5007095883009,451.84039050780154,598.5778887546523,478.5041015210529,668.5394207946764,480.8244537815258,深圳*
807.4248727529198,456.41479924987664,833.4105846535002,457.27664437519513,806.4635839592953,485.3988625236009,832.4492958598757,486.2607076489194,戏
996.3210092609849,462.6797503531534,1016.3100184152775,463.34270814185993,995.3597204673604,491.66381362687764,1015.348729621653,492.3267714155842,2
1098.264955947877,466.0608350755567,1175.2226411919037,468.6132225620769,1097.3036671542527,495.04489834928097,1174.261352398279,497.59728583580113,446.18
1296.156146575374,472.6241171837514,1415.090751043415,476.5687160265553,1295.1948577817493,501.6081804574757,1414.1294622497903,505.5527793002796,892.36
1458.067120725144,477.9940752722744,1499.0445894914437,479.3531387391228,1457.1058319315193,506.97813854599866,1498.0833006978191,508.33720201284706,11%
1667.9517168452162,484.95513205369303,1732.9159965966671,487.1097448669893,1666.9904280515916,513.9391953274173,1731.9547078030428,516.0938081407136,98.16
187.77060274450412,465.8797694208482,395.6562979491471,472.7745304233962,186.80931395087964,494.86383269457247,394.6950091555226,501.75859369712043,帮助一种经营位置
598.5447408652169,479.5035519787675,668.5062729052411,481.8239042392404,597.5834520715925,508.4876152524918,667.5449841116166,510.8079675129647,精华-
806.43043606986,486.3983129813155,832.4161479704404,487.260158106634,805.4691472762355,515.3823762550398,831.454859176816,516.2442213803583,时
983.3331670853495,492.2654894113684,1015.3155817322177,493.32622187329883,982.371878291725,521.2495526850927,1014.3542929385932,522.3102851470231,28
1123.2562311653978,496.9061939323141,1174.2282045088439,498.5967362935158,1122.2949423717732,525.8902572060384,1173.2669157152193,527.5807995672401,6.93
1295.161709892314,502.6076309151903,1414.0963143603549,506.5522297579942,1294.2004210986895,531.5916941889146,1413.1350255667305,535.5362930317185,194.04
1457.0726840420841,507.9775890037133,1498.050152808384,509.3366524705617,1456.1113952484598,536.9616522774376,1497.0888640147596,538.320715744286,11%
1666.9572801621564,514.9386457851319,1731.9215599136073,517.0932585984282,1665.995991368532,543.9227090588562,1730.9602711199827,546.0773218721524,21.34
186.77616606144431,495.86328315228707,550.5761326695696,507.92911490674607,185.81487726781984,524.8473464260114,549.6148438759451,536.9131781804704,经济今年发展朋友一直支持的人
597.5503041821571,509.4870657102064,667.5118362221813,511.8074179706793,596.5890153885327,538.4711289839307,666.5505474285568,540.7914812444036,有些g
805.4359993868002,516.3818267127544,831.4217112873806,517.2436718380729,804.4747105931757,545.3658899864787,830.4604224937561,546.2277351117972,是
982.3387304022897,522.2490031428073,1014.3211450491578,523.3097356047377,981.3774416086652,551.2330664165315,1013.3598562555334,552.293798878462,28
1122.2617944823378,526.889707663753,1173.233767825784,528.5802500249547,1121.3005056887134,555.8737709374773,1172.2724790321595,557.5643132986789,6.93
1294.1672732092543,532.5911446466292,1413.1018776772953,536.5357434894331,1293.2059844156297,561.5752079203535,1412.1405888836707,565.5198067631574,194.04
1456.0782473590243,537.9611027351522,1497.0557161253241,539.3201662020006,1455.1169585653997,566.9451660088764,1496.0944273316995,568.3042294757248,11%
1665.9628434790966,544.9221595165708,1730.9271232305475,547.076772329867,1665.001554685472,573.906222790295,1729.9658344369232,576.0608356035914,21.34
185.7817293783845,525.846796883726,549.5816959865098,537.912628638185,184.82044058476004,554.8308601574503,548.6204071928853,566.8966919119092,语言国内如果文化信息帮助由于
596.5558674990973,539.4705794416453,666.5173995391215,541.7909317021182,595.5945787054729,568.4546427153696,665.556110745497,570.7749949758424,参加+
804.4415627037404,546.3653404441933,830.4272746043208,547.2271855695118,803.4802739101159,575.3494037179175,829.4659858106963,576.211248843236,全
981.3442937192299,552.2325168742461,1013.326708366098,553.2932493361766,980.3830049256054,581.2165801479705,1012.3654195724736,582.277312609901,28
1121.2673577992782,556.8732213951919,1172.2393311427243,558.5637637563935,1120.3060690056536,585.8572846689162,1171.2780423490997,587.5478270301179,6.93
1293.1728365261945,562.5746583780681,1412.1074409942353,566.5192572208721,1292.21154773257,591.5587216517924,1411.146152200611,595.5033204945963,194.04
1455.0838106759645,567.9446164665911,1496.0612794422643,569.3036799334395,1454.1225218823402,596.9286797403154,1495.09999064864,598.2877432071638,11%
1664.9684067960368,574.9056732480097,1729.9326865474877,577.060286061306,1664.0071180024124,603.889736521734,1728.9713977538631,606.0443493350302,21.34
1208.779996499345,723.8658501778766,1371.6904211068297,729.2689561558349,1207.7855598162853,753.8493639093156,1370.69598442377,759.2524698872738,￥1474.48
1535.6002961720292,734.7052100232286,1679.521162082936,739.4785061019156,1534.6058594889691,764.6887237546674,1678.5267253998759,769.4620198333545,￥162.19
1402.484525508681,796.3265667163662,1565.3949501161655,801.7296726943246,1401.4900888256211,826.3100804478051,1564.400513433106,831.7131864257634,￥1636.67
646.9994231447267,768.2684109301152,958.8279659516912,778.6105524339373,646.1707259088436,793.2546723729811,957.9992687158081,803.596813876803,壹仟陆佰叁拾陆圆陆角柒分
427.06405421794716,823.008099411521,696.9156778008972,831.9580295590594,426.06961753488736,852.99161314296,695.9212411178374,861.9415432904982,同兴万点传媒有限公司
459.9846373183141,856.1175422991903,759.819774632703,866.0619091297884,458.9902006352543,886.1010560306293,758.8253379496432,896.0454228612273,W910W9140296WW7
408.58675518686357,897.4365175091531,830.3548483424374,911.4249268508611,407.59231850380377,927.4200312405919,829.3604116593776,941.4084405822999,重庆市瑜市东丽孙街I座 241-1300496
407.42657905662713,932.4172835291652,983.110042700254,951.5104678439134,406.43214237356733,962.400797260604,982.1156060171942,981.4939815753523,EBA银行龙阳大道支行 520073476788952648
290.99812139485493,973.5805468412609,344.968446111445,975.3705328707686,290.00368471179513,1003.5640605726999,343.9740094283852,1005.3540466022075,卢霞
707.7689622618557,987.4032167357923,761.7392869784456,989.1932027652999,706.7745255787959,1017.3867304672311,760.7448502953858,1019.1767164967388,余荣
1084.5617848202712,999.8999710529104,1138.532109536861,1001.689957082418,1083.5673481372114,1029.8834847843493,1137.5376728538013,1031.673470813857,李琳
338.6796737266004,88.99354817949518,618.6616968819304,85.82074029873075,339.2235836490172,136.9904664346946,619.2056068043472,133.8176585539302,6316259960
1594.9163155257288,102.75944085845629,1729.907648118477,101.22969420165913,1595.1769390302202,125.75796418907265,1730.1682716229684,124.2282175322755,6316259960
1360.6820469838572,83.41241419660491,1585.6676013051044,80.86283643527634,1361.214625449557,130.40939665482102,1586.2001797708042,127.85981889349245,74796679
1580.3252110127914,138.9271014006111,1702.3173782447566,137.54466368113515,1580.642491800868,166.92530371614407,1702.634659032833,165.54286599666813,74796679
1495.8405838214749,184.8873860858069,1675.8290272784727,182.84772387674406,1496.1578646095513,212.88558840133987,1676.1463080665492,210.84592619227703,1975年01月29日
432.6114461476757,258.9400754456777,640.5980919202066,256.5831324485384,432.94005839246915,287.93821355819404,640.926704165,285.58127056105474,超艺网络有限公司
458.02910497078835,295.6544135161352,741.0109355170683,292.44761126521973,458.36904867229885,325.65248742563483,741.3508792185788,322.44568517471936,153520944136734
430.5748125776721,343.9686125594111,844.5482325287672,339.27738947856653,430.8467675388805,367.9670716870108,844.8201874899756,363.2758486061662,湖南省桂芳市南长成都路t座 047-0019655
434.05054115073676,385.93192166255955,972.0159999277637,379.835597948805,434.37915339553024,414.93005977507585,972.3446121725572,408.8337360613213,招商银行北京东三环支行 429425621067744566
1123.612407690019,255.10978204215303,1689.576068782579,248.69617754032203,1123.9636828482464,286.10779174863603,1689.9273439408064,279.69418724680503,-+9714*2525*<364859><0*0-92
1123.9863457616805,288.1076633426027,1689.9500068542404,281.6940588407717,1124.337620919908,319.10567304908557,1690.301282012468,312.6920685472546,4<900+1<947238+--/5*1375+41
1124.360283833342,321.1055446430522,1690.323944925902,314.69194014122127,1124.7115589915695,352.1035543495352,1690.6752200841295,345.68994984770427,453*928-<<><90>-3336218099-
1124.7342219050036,354.10342594350186,1690.6978829975635,347.6898214416709,1125.085497063231,385.1014356499848,1691.049158155791,378.6878311481538,4*0++1/0*0-7*080*46<9*<907+
183.98450410200132,469.7709168541796,339.97448843139944,468.0032096063251,184.3131163467948,498.7690549666959,340.3031006761929,497.00134771884143,应用搜索那个
594.9581166621465,465.113688143486,664.953622450979,464.3204861732949,595.28672890694,494.11182625600236,665.2822346957724,493.31862428581127,网站*
802.9447624346774,462.7567451463467,828.9430931562438,462.46212727170433,803.2733746794709,491.75488325886306,829.2717054010371,491.46026538422063,种
979.9333985007253,460.7510773074349,1011.9313440041915,460.3884706924904,980.2620107455188,489.74921541995127,1012.259956248985,489.38660880500674,65
1119.9244100783903,459.1646733670527,1170.9211357245397,458.5867690744849,1120.2530223231838,488.16281147956903,1171.2497479693332,487.58490718700125,2.95
1291.9133671595216,457.21566281172596,1410.905727000537,455.86721946240107,1292.241979404315,486.2138009242423,1411.2343392453304,484.8653575749174,191.75
1453.9029662708197,455.3799668235694,1494.9003339471358,454.91537709817175,1454.2315785156131,484.3781049360857,1495.2289461919293,483.91351521068805,18%
1663.889483637317,453.0003609129961,1728.8853104412328,452.26381622639,1664.2180958821104,481.9984990255124,1729.2139226860263,481.2619543389064,34.52
184.32444780351182,499.7689907636792,548.3010779054409,495.64434051868545,184.6530600483053,528.7671288761956,548.6296901502343,524.6424786312017,发现信息介绍这个其中最大本站
595.298060363657,495.1117620529857,665.2935661524895,494.3185600827946,595.6266726084505,524.109900165502,665.6221783972828,523.3166981953109,他们*
803.2847061361879,492.7548190558464,829.2830368577542,492.46020118120396,803.6133183809814,521.7529571683627,829.6116491025476,521.4583392937203,标
980.2733422022358,490.7491512169346,1012.271287705702,490.38654460199007,980.6019544470291,519.747289329451,1012.5998999504955,519.3846827145064,65
1120.2643537799008,489.16274727655235,1171.2610794260502,488.5848429839846,1120.5929660246943,518.1608853890687,1171.5896916708436,517.5829810965008,9.63
1292.253310861032,487.2137367212256,1411.2456707020474,485.86529337190075,1292.5819231058254,516.211874833742,1411.5742829468406,514.8634314844171,625.95
1454.2429099723302,485.37804073306904,1495.2402776486463,484.91345100767137,1454.5715222171234,514.3761788455854,1495.5688898934397,513.9115891201877,18%
1651.2302619780444,483.1457437598169,1729.2252541427433,482.26189013588964,1651.5588742228379,512.1438818723333,1729.5538663875368,511.260028248406,112.67
184.6643915050223,529.7670646731789,340.6543758344204,527.9993574253243,184.99300374981578,558.7652027856951,340.9829880792139,556.9974955378407,销售一个工作
595.6380040651675,525.1098359624854,665.6335098539998,524.3166339922942,595.966616309961,554.1079740750016,665.9621220987933,553.3147721048106,进入!
803.6246498376984,522.7528929653461,829.6229805592646,522.4582750907036,803.9532620824917,551.7510310778623,829.9515928040581,551.4564132032199,个
992.612515467546,520.6112476458301,1012.6112314072125,520.3846185114897,992.9411277123395,549.6093857583463,1012.939843652006,549.382756624006,8
1120.6042974814113,519.160821186052,1171.6010231275607,518.5829168934841,1120.9329097262046,548.1589592985683,1171.9296353723541,547.5810550060005,9.63
1305.5924199233257,517.064501693404,1411.5856144035577,515.8633672814003,1305.9210321681192,546.0626398059204,1411.9142266483511,544.8615053939167,77.04
1454.5828536738404,515.3761146425687,1495.5802213501568,514.911524917171,1454.911465918634,544.374252755085,1495.9088335949502,543.9096630296874,18%
1664.569371040338,512.9965087319954,1729.5651978442538,512.2599640453893,1664.8979832851314,541.9946468445116,1729.8938100890473,541.2581021579057,13.87
185.0043352065328,559.7651385826784,548.9809653084618,555.6404883376847,185.33294745132628,588.7632766951948,549.3095775532553,584.6386264502011,文章准备安全社区完成目前他的
595.977947766678,555.1079098719849,665.9734535555103,554.3147079017939,596.3065600114714,584.1060479845013,666.3020658003038,583.3128460143101,设计#
803.9645935392087,552.7509668748456,829.9629242607751,552.4563490002032,804.2932057840022,581.749104987362,830.2915365055686,581.4544871127196,出
968.9540000414568,550.881276516538,1012.951175108723,550.3826924209893,969.2826122862502,579.8794146290544,1013.2797873535164,579.3808305335057,818
1094.9459104613552,549.4535129701941,1171.9409668290712,548.5809908029838,1095.2745227061487,578.4516510827103,1172.2695790738646,577.5791289155002,429.18
1253.9357021817034,547.6518113521885,1411.9255581050681,545.8614411909,1254.2643144264969,576.6499494647048,1412.2541703498616,574.8595793034164,351069.24
1454.922797375351,545.3741885520683,1495.9201650516673,544.9095988266707,1455.2514096201444,574.3723266645846,1496.2487772964607,573.907736939187,18%
1625.911818659499,543.4365094534586,1729.9051415457643,542.258037954889,1626.2404309042925,572.434647565975,1730.2337537905578,571.2561760674052,63192.46
1215.7966292039612,712.0945403261339,1416.7837243976087,709.8169175260136,1216.1365729054717,742.0926142356335,1417.1236680991192,739.8149914355133,￥351963.98
1542.7756348175071,708.3891539796697,1724.7639498684716,706.3268288571728,1543.1155785190176,738.3872278891694,1725.1038935699821,736.3249027666725,￥63353.52
1412.5319215560153,775.869337410498,1613.5190167496628,773.5917146103777,1412.8718652575258,805.8674113199977,1613.8589604511733,803.5897885198774,￥415317.50
656.5464646664732,781.436111297612,1020.5230947684022,777.3114610526183,656.8297510843986,806.4345062221951,1020.8063811863276,802.3098559772013,肆拾壹万伍仟叁佰壹拾柒圆伍角
439.2630112405641,845.9023882748875,655.2491433889616,843.4547936240119,439.6029549420746,875.900462184387,655.589087090472,873.4528675335116,和泰科技有限公司
473.62343495294147,877.5150642499751,773.6041740479379,874.1156272348703,473.96337865445196,907.5131381594748,773.9441177494484,904.11370114437,38427025776726R
424.11389774260704,921.0788763561088,900.0833371066681,915.6851029588092,424.45384144411753,951.0769502656085,900.4232808081786,945.6831768683089,青海省兰州市丰都宜都街O座 685-1157125
424.5104987277026,956.076629250525,931.4779477982466,950.331580694998,424.8504424292131,986.0747031600247,931.8178914997571,980.3296546044976,招商银行龙阳大道支行 111359724719979
310.02779762688647,1002.3768576372313,391.0225971825355,1001.4590096431531,310.36774132839696,1032.374931546731,391.362540884046,1031.4570835526526,孔建国
727.0010249689315,997.6516401862357,780.9975580060309,997.0397415235168,727.340968670442,1027.6497140957354,781.3375017075413,1027.0378154330165,周阳
1103.9768204316438,993.3796810039207,1157.973353468743,992.7677823412018,1104.316764133154,1023.3777549134204,1158.3132971702535,1022.7658562507015,李鑫
353.79423704542364,69.3794804070422,633.7340410206962,75.18518021723162,352.7989742208198,117.36916108851744,632.7387781960922,123.17486089870687,1032832276
1608.943644896341,123.41617138170494,1743.9146218129904,126.21534807590342,1608.4667481262186,146.41122670824518,1743.4377250428677,149.21040340244366,1032832276
1375.4501137020927,96.56899479941808,1600.4017418965082,101.23428928974892,1374.4755855196681,143.5588904666959,1599.4272137140833,148.22418495702675,10994355
1593.200422564927,159.09741226012267,1715.1741942970102,161.62703860599095,1592.6198525839081,187.09139265764992,1714.5936243159913,189.6210190035182,10994355
1507.285637460082,202.32529331376963,1687.2469400156142,206.0575289060343,1506.705067479063,230.3192737112969,1686.6663700345953,234.05150930356155,1978年02月19日
442.22883453893326,242.25030491528872,650.1841174919928,246.5631104885723,441.62752991573507,271.24407032701333,649.5828128687946,275.5568759002969,迪摩科技有限公司
466.4562781332361,279.7607164950737,749.3954371511007,285.6286202318009,465.8342388678587,309.7542669209958,748.7733978857233,315.622170657723,204985870131737
437.46703491110486,327.16982719553005,809.3870601925383,334.8831140862103,436.969403498803,351.1646675362677,808.8894287802364,358.87795442694795,辽宁省琳市友好李路Q座 821-7406444
439.5955349821687,369.2230017183587,951.4854622512383,379.83913851413365,438.9942303589705,398.2167671300833,950.8841576280402,408.8329039258583,汉口银行龙阳大道支行 817317106734491455
1132.9973407806208,260.5770827179387,1698.87565881635,272.3128901913931,1132.354566873064,291.57041815805815,1698.2328849087935,303.30622563151246,/326>145302953<+<1+--3+8>84
1132.3130975887057,293.56998818645286,1698.191415624435,305.3057956599073,1131.6703236811488,324.56332362657236,1697.5486417168781,336.2991311000267,+110747870336/8<3702932<<48
1131.6288543967903,326.5628936549672,1697.5071724325198,338.2987011284215,1130.9860804892337,357.5562290950866,1696.864398524963,369.292036568541,<5+<6172-91->7-694334+24->6
1130.9446112048752,359.5557991234814,1696.8229292406045,371.2916065969358,1130.3018372973186,390.5491345636009,1696.1801553330479,402.2849420370552,203>3/70+2/078845*>2<886284
186.96999040210176,445.001192681357,446.91409409342623,450.39219964796143,186.36868577890357,473.9949580930816,446.31278947022804,479.3859650596861,解决只有规定大家可以
597.8816312372339,453.5231306170279,667.866582231052,454.9745555695753,597.2803266140356,482.51689602875257,667.2652776078538,483.96832098129994,你们*
805.8369141902934,457.8359361903115,831.8313245594259,458.37503688697194,805.2356095670953,486.82970160203615,831.2300199362277,487.3688022986966,一
994.7962818736023,461.75478356218935,1014.7919821575504,462.16947640577433,994.1949772504041,490.748548973914,1014.1906775343522,491.16324181749894,4
1096.7743533217372,463.86971706447264,1173.7577994149372,465.46628451227474,1096.173048698539,492.8634824761973,1173.156494791739,494.4600499239994,597.38
1281.7345809482565,467.70562586763356,1413.7062028223136,470.4425986352943,1281.1332763250584,496.6993912793582,1413.1048981991155,499.4363640470189,2389.52
1456.696958432802,471.33418824900195,1497.6881440148954,472.1843085783511,1456.0956538096036,500.3279536607266,1497.0868393916971,501.17807399007575,15%
1653.65460622969,475.4189127583138,1731.6378373370874,477.0362148482951,1653.053301606492,504.4126781700385,1731.0365327138893,506.0299802600198,358.43
186.3479511367243,474.994743107279,446.2920548280488,480.3857500738835,185.74664651352612,503.98850851900363,445.6907502048506,509.3795154856081,还有他的地址孩子这个
597.2595919718565,483.5166810429499,667.2445429656746,484.9681059954973,596.6582873486582,512.5104464546746,666.6432383424764,513.9618714072219,然后~
805.214874924916,487.82948661623357,831.2092852940484,488.36858731289396,804.6135703017178,516.8232520279582,830.6079806708502,517.3623527246186,情
994.1742426082249,491.7483339881114,1014.1699428921729,492.16302683169636,993.5729379850267,520.7420993998361,1013.5686382689747,521.156792243421,4
1122.1467244254923,494.4023681870552,1173.1357601495597,495.4598349381968,1121.5454198022942,523.3961335987798,1172.5344555263616,524.4536003499214,7.82
1307.1069520520116,498.23827699021604,1413.0841635569361,500.4361490612163,1306.5056474288135,527.2320424019407,1412.482858933738,529.4299144729409,31.28
1456.0749191674245,501.327738674924,1497.0661047495178,502.17785900427316,1455.4736145442262,530.3215040866486,1496.4648001263197,531.1716244159978,15%
1679.0269773334448,505.9515638808963,1731.01579807171,507.0297652742172,1678.4256727102468,534.945329292621,1730.4144934485116,536.0235306859419,4.69
185.72591187134685,504.98829353320104,497.6588363009363,511.45750189312645,185.12460724814866,533.9820589449257,497.0575316777381,540.4512673048511,生产可以事情工作之后都是
596.637552706479,513.510231468872,666.6225037002971,514.9616564214193,596.0362480832808,542.5039968805967,666.021199077099,543.955421833144,教育-
804.5928356595385,517.8230370421555,830.587246028671,518.362137738816,803.9915310363403,546.8168024538802,829.9859414054728,547.3559031505407,要
981.5547831724787,521.4930687078825,1013.5479036267955,522.1565772576184,980.9534785492805,550.4868341196071,1012.9465990035973,551.1503426693431,56
1108.5274799755487,524.126368264647,1172.5137208841822,525.4533853641188,1107.9261753523504,553.1201336763717,1171.9124162609842,554.4471507758435,94.78
1280.4905024175018,527.6927267194776,1412.4621242915587,530.4296994871384,1279.8891977943035,556.6864921312023,1411.8608196683606,559.423464898863,5307.68
1455.452879902047,531.321289100846,1496.4440654841405,532.1714094301952,1454.851575278849,560.3150545125707,1495.8427608609422,561.1651748419199,15%
1652.410527698935,535.4060136101579,1730.3937588063325,537.0233157001393,1651.809223075737,564.3997790218825,1729.7924541831344,566.017081111864,796.15
185.1038726059694,534.9818439591231,445.04797629729387,540.3728509257276,184.5025679827712,563.9756093708478,444.4466716740957,569.3666163374522,数据方式或者质量不能
596.0155134411016,543.5037818947941,666.0004644349196,544.9552068473414,595.4142088179034,572.4975473065186,665.3991598117216,573.9489722590661,人员l
803.9707963941611,547.8165874680776,829.9652067632935,548.3556881647381,803.3694917709629,576.8103528798023,829.3639021400954,577.3494535764627,国
992.9301640774701,551.7354348399555,1012.925864361418,552.1501276835405,992.3288594542719,580.7292002516801,1012.3245597382198,581.1438930952651,4
1107.9054407101712,554.1199186905691,1171.8916816188048,555.4469357900409,1107.304136086973,583.1136841022936,1171.2903769956067,584.4407012017656,94.78
1292.8656683366905,557.9558274937299,1411.8400850261814,560.4232499130604,1292.2643637134925,586.9495929054546,1411.2387804029831,589.4170153247851,379.12
1454.8308406366696,561.3148395267681,1495.8220262187629,562.1649598561172,1454.2295360134713,590.3086049384927,1495.2207215955648,591.1587252678419,15%
1664.7856936181238,565.6691143844101,1729.771719540955,567.0168661260612,1664.1843889949257,594.6628797961348,1729.1704149177567,596.0106315377859,56.87
1210.482170897699,720.2825330899432,1373.4471282118757,723.6622797651606,1209.8601316323216,750.2760835158653,1372.825088946498,753.6558301910827,￥8107.60
1537.4118705402493,727.0627610825572,1700.3768278544258,730.4425077577747,1536.789831274872,757.0563115084793,1699.7547885890485,760.4360581836968,￥1216.14
1405.0715472965594,790.3323338941043,1568.0365046107358,793.7120805693218,1404.449508031182,820.3258843200263,1567.4144653453586,823.7056309952437,￥9323.74
649.2962804898616,771.6575893640006,961.2292049194509,778.126797723926,648.7779144353804,796.6522147189356,960.7108388649697,803.121423078861,玖仟叁佰贰拾叁圆柒角肆分
430.05759957971463,829.1241082491634,646.0111626463533,833.6027909598811,429.4355603143372,859.1176586750855,645.3891233809759,863.596341385803,明腾科技有限公司
463.3867815126904,861.8222065375746,823.3093866237549,869.2866777221041,462.76474224731294,891.8157569634968,822.6873473583776,899.280228148026,L74813191544656424
412.5059411891126,903.7762300391006,861.409412563746,913.0860843775829,411.88390192373515,933.7697804650227,860.7873732983685,943.079634803505,上海市淑珍市吉区孙街A座 880-9955806
411.78022871283895,938.7687055360096,906.6738107405528,949.0323534147374,411.1581894474615,968.7622559619317,906.0517714751753,979.0259038406596,汉口银行上海分行 553434211599732229
295.8718931820715,981.3745473242792,349.8602839487312,982.4942180019586,295.24985391669406,1011.3680977502013,349.23824468335374,1012.4877684278806,李洋
712.7822441023881,990.0208931130255,793.7648302523776,991.7003991295446,712.1602048370106,1020.0144435389477,793.1427909870001,1021.6939495554668,孙桂兰
1089.7011944548085,997.8378532146021,1170.683780604798,999.5173592311212,1089.079155189431,1027.831403640524,1170.0617413394207,1029.5109096570432,易桂珍
365.2127149069581,55.31955395295637,644.9386709569701,67.70460590709928,363.0895631433908,103.27257499010125,642.8155191934027,115.65762694424416,7827544564
1618.7449268501687,138.84795403797,1753.6127985171388,144.81931837300323,1617.7275832967925,161.82544328493526,1752.5954549637627,167.7968076199685,7827544564
1385.9470605190556,106.5191212152211,1610.7268466306723,116.47139510694308,1383.868141083896,153.47312098075884,1608.6479271955127,163.4253948724808,97027904
1602.1672439533854,174.1492348897139,1724.047839089462,179.54557895544764,1600.9287387579711,202.12183049471508,1722.8093338940478,207.5181745604488,97027904
1515.2599810884303,215.3454441973867,1695.0838099777236,223.3072633107643,1514.021475893016,243.3180398023879,1693.8453047823093,251.2798589157655,2003年07月24日
449.5589437371105,230.22156561128918,657.355368231405,239.42188992008107,448.27620621328856,259.1931824878975,656.0726307075831,268.3935067966894,昊嘉科技有限公司
472.897879376207,268.2911608709463,755.6208992410404,280.80890981031223,471.57090952397743,298.2617990191619,754.2939293888109,310.7795479585278,950368764035083
442.8021320076384,315.005676712677,835.4174917492624,332.38898177688463,441.7405561258547,338.9821872312494,834.3559158674786,356.3654922954571,湖南省柳州县璧山张路F座 766-7397308
443.94143802933854,357.09726710540167,903.4912229686438,377.4441381729222,442.65870050551655,386.0688839820101,902.2084854448219,406.41575504953056,汉口银行城北支行 748766285697894682
1139.7057131040451,264.7821896274063,1705.1517528337117,289.81768750613804,1138.3345109234078,295.75184904722903,1703.7805506530747,320.7873469259607,21166916383-85552*110518+/<
1138.2460462665924,297.74989159044344,1703.6920859962593,322.78538946917513,1136.8748440859551,328.7195510102662,1702.320883815622,353.75504888899786,+<+3422098018/08--9+7-1*<1-
1136.78637942914,330.71759355348047,1702.2324191588068,355.7530914322123,1135.4151772485027,361.68725297330326,1700.8612169781695,386.722750852035,10/48*836--783-56017+82>23*
1135.3267125916873,363.6852955165176,1700.7727523213543,388.7207933952494,1133.95551041105,394.65495493634035,1699.401550140717,419.69045281507215,-33400-<7851<0</96759>/1057
189.60428025491524,426.9156756752627,397.4007047492097,436.1159999840546,188.32154273109325,455.8872925518711,396.1179672253877,465.087616860663,设备根据部分开始
600.2020228854683,445.0951626508082,670.1335118979713,448.19142563934395,598.9192853616464,474.0667795274166,668.8507743741493,477.1630425159523,公司-
807.9984473797629,454.2954869596001,833.9730004415497,455.4455274981991,806.715709855941,483.2671038362085,832.6902629177278,484.41714437480744,免
984.8252124542347,462.1246090877547,1016.7938931456646,463.54004359679965,983.5424749304127,491.0962259643631,1015.5111556218427,492.511660473408,45
1098.7136374174538,467.1670945262272,1175.638275331207,470.5729838136165,1097.430899893632,496.13871140283555,1174.3555378073852,499.54460069022485,177.03
1283.532572664783,475.35007528164306,1415.4033805169315,481.1887426314533,1282.249835140961,504.32169215825144,1414.1206429931096,510.1603595080617,7966.35
1458.3612951960406,483.0907327529824,1499.3211673319352,484.90425821769617,1457.0785576722187,512.0623496295907,1498.038429808113,513.8758750943045,4%
1655.1684857026562,491.80450144929006,1733.0921448880165,495.254623065087,1653.885748178834,520.7761183258984,1731.8094073641946,524.2262399416954,318.65
188.27731040268566,456.8863138234783,344.12462877340647,463.7865570550722,186.99457287886366,485.8579307000867,342.8418912495845,492.7581739316806,各种喜欢不过
598.8750530332387,475.0658007990238,668.8065420457417,478.16206378755953,597.5923155094167,504.0374176756321,667.5238045219198,507.1336806641679,谢谢+
806.6714775275333,484.2661251078157,832.6460305893202,485.41616564641464,805.3887400037113,513.237741984424,831.3632930654982,514.387782523023,完
995.4864978612914,492.62603517686216,1015.466923293435,493.5106817450152,994.2037603374694,521.5976520534705,1014.1841857696131,522.4822986216236,9
1123.361220627011,498.28777321304176,1174.3113054789774,500.54362196183206,1122.078483103189,527.2593900896501,1173.0285679551555,529.5152388384404,4.07
1308.1801558743402,506.4707539684576,1414.076410664702,511.1593807796688,1306.8974183505184,535.442370845066,1412.79367314088,540.1309976562773,36.63
1457.034325343811,513.061370901198,1497.9941974797057,514.8748963659117,1455.751587819989,542.0329877778063,1496.7114599558836,543.8465132425201,4%
1679.8160689122133,522.9251801361046,1731.7651750357868,525.2252612133026,1678.5333313883914,551.896797012713,1730.482437511965,554.1968780899109,1.47
186.95034055045596,486.8569519716939,446.6958711683242,498.3573573576837,185.66760302663408,515.8285688483022,445.4131336445022,527.3289742342921,正在不过这些用户重要
597.5480831810091,505.03643894723933,667.4795721935121,508.13270193577506,596.2653456571873,534.0080558238477,666.1968346696901,537.1043188123834,需要g
805.3445076753037,514.2367632560313,831.3190607370905,515.3868037946302,804.0617701514817,543.2083801326396,830.0363232132686,544.3584206712386,系
994.1595280090617,522.5966733250776,1014.1399534412054,523.4813198932308,992.8767904852398,551.5682902016861,1012.8572159173834,552.4529367698391,9
1109.0469742438881,527.6833910919578,1172.984335626748,530.5142601100476,1107.764236720066,556.6550079685662,1171.701598102926,559.485876986656,43.32
1293.8659094912173,535.8663718473737,1412.7494408124724,541.1300189278844,1292.5831719673954,564.837988723982,1411.4667032886505,570.1016358044927,389.88
1455.7073554915814,543.0320090494135,1496.6672276274758,544.8455345141273,1454.4246179677593,572.0036259260219,1495.3844901036541,573.8171513907356,4%
1678.4890990599838,552.8958182843202,1730.4382051835573,555.1958993615182,1677.2063615361617,581.8674351609285,1729.1554676597352,584.1675162381265,15.60
185.62337069822638,516.8275901199095,341.4706890689472,523.7278333515034,184.3406331744045,545.7992069965178,340.1879515451253,552.6994502281117,汽车发生必须
596.2211133287796,535.0070770954549,666.1526023412825,538.1033400839906,594.9383758049576,563.9786939720633,664.8698648174606,567.074956960599,中国-
804.0175378230741,544.2074014042468,829.9920908848609,545.3574419428458,802.7348002992521,573.1790182808552,828.7093533610389,574.3290588194542,在
968.8560476382597,551.5057355915096,1012.8129835889758,553.4519580414463,967.5733101144377,580.4773524681179,1011.5302460651538,582.4235749180547,695
1094.732727860765,557.0790089708739,1171.6573657745182,560.4848982582632,1093.449990336943,586.0506258474823,1170.3746282506963,589.4565151348716,177.03
1253.5771100463076,564.1119491876907,1411.4224709602427,571.1006570761,1252.2943725224854,593.0835660642991,1410.1397334364208,600.0722739527083,123035.85
1454.3803856393517,573.002647197629,1495.3402577752463,574.8161726623429,1453.0976481155299,601.9742640742375,1494.0575202514244,603.7877895389512,4%
1638.2002996150738,581.1413956246372,1729.1112353313276,585.1665375097336,1636.917562091252,610.1130125012456,1727.8284978075058,614.1381543863421,4921.43
1206.3621573231649,726.182144594963,1407.1654329162093,735.0728426049013,1205.0351874709354,756.1527827431786,1405.8384630639796,765.0434807531169,￥131428.71
1533.0421131387147,740.6461159842656,1695.882580410686,747.8559855147131,1531.7151432864848,770.6167541324812,1694.555610558456,777.8266236629287,￥5257.15
1399.2509928832683,800.7870848889372,1600.0542684763125,809.6777828988756,1397.9240230310386,830.7577230371528,1598.7272986240828,839.6484210470912,￥136685.86
644.123608533459,764.3503807979298,1059.7164575220481,782.7510294155136,643.0178003232677,789.3259125881095,1058.6106493118568,807.7265612056933,壹拾叁万陆仟陆佰捌拾伍圆捌角陆分
423.59456696181803,816.6470520447069,639.3831616289701,826.2012349807601,422.26759710958845,846.6176901929225,638.0561917767405,856.1718731289757,彩虹传媒有限公司
456.1458556874175,850.1196319019971,815.7935134660042,866.0432701287523,454.81888583518787,880.0902700502127,814.4665436137745,896.0139082769679,T47422512354524T91
404.2928019855291,890.8659301607233,879.8269272705494,911.9205184827663,402.9658321332995,920.8365683089389,878.4999574183198,941.8911566309819,广东省桂香市金平淮安路j座 177-5438953
402.7446704912612,925.8316746669749,951.2073486036061,950.1152229627764,401.41770063903164,955.8023128151905,949.8803787513764,980.085861110992,招商银行龙阳大道支行 616046847196223585
285.86676947809065,965.7009141224181,339.8139181448786,968.0894598564314,284.53979962586095,995.6715522706336,338.4869482926489,998.060098004647,金博
702.4586397382868,984.1457950684096,783.3793627384689,987.7286136694295,701.1316698860572,1014.1164332166251,782.0523928862392,1017.699251817645,胡丽华
1079.0896591341957,1000.8213828780948,1160.0103821343778,1004.4042014791147,1077.7626892819662,1030.7920210263103,1158.683412282148,1034.3748396273302,张红梅
378.84886410744696,40.052571367747305,658.138660078891,59.98269595915809,375.43227132034804,87.93082210570918,654.722067291792,107.86094669711997,4741146797
1629.6700792916408,157.3823955606486,1764.3276594921583,166.99156277436452,1628.032961914489,180.3240573725887,1762.6905421150068,189.93322458630462,4741146797
1397.8295453048304,118.78230746864187,1622.2588456390265,134.79758615816837,1394.4841315341291,165.66309464956288,1618.9134318683255,181.67837333908938,11305341
1612.1456813457035,192.22339836815155,1733.8362353046896,200.90723836869483,1610.1526688865624,220.15237796529595,1731.8432228455486,228.83621796583924,11305341
1524.158223259324,231.05904204116968,1703.701663526681,243.87126499279088,1522.1652108001826,258.9880216383141,1701.7086510675397,271.8002445899353,1976年12月15日
458.44389955116696,217.16730913034274,717.7844243817935,235.67385339379564,456.379708075628,246.09375228452802,715.7202329062546,264.6002965479809,浦华众城传媒有限公司
480.7468648704666,255.8529361508024,763.0290515130333,275.9965977914069,478.61149437852976,285.77684286202856,760.8936810210964,305.92050450263304,323707289000251
449.4012924862232,301.7381744296232,841.4044704032858,329.71152787399615,447.69299609267375,325.6772997986041,839.6961740097363,353.65065324297706,北京市海口市丰都冯街m座 371-6126768
449.40416446863424,343.84518087453347,934.1714531904978,378.43818284391074,447.3399729930953,372.77162402871875,932.1072617149589,407.364625998096,EBA银行城北支行 620049189391892748
1147.4065014008177,270.3418636894521,1711.970874685951,310.629186970661,1145.1999518924829,301.26323395771914,1709.7643251776162,341.55055723892804,5377*57498/+816806--614/<-4
1145.0575938596871,303.2581610718009,1709.6219671448205,343.5454843530098,1142.8510443513524,334.1795313400679,1707.4154176364857,374.4668546212768,+8*27*7837/8-<*-91-6507+289
1142.7086863185566,336.17445845414966,1707.27305960369,376.46178173535856,1140.5021368102218,367.0958287224167,1705.0665100953552,407.3831520036256,</+2<*6604<9+4/76/79+71//28
1140.359778777426,369.09075583649843,1704.9241520625594,409.37807911770733,1138.1532292690913,400.01212610476546,1702.7176025542246,440.29944938597436,1*401109548910/75+7<9+577+5
193.27531132314584,406.7737958789723,556.3520460860232,432.6829578478063,191.21111984760682,435.7002390331576,554.2878546104841,461.60940100199156,您的广告两个觉得这样到了同时
603.2328332669441,436.0283716185074,673.0552822598052,441.01090276636006,601.1686417914052,464.95481477269266,670.9910907842661,469.93734592054534,政府+
810.7052531314455,450.8336070292697,836.6393056145081,452.68426145561494,808.6410616559065,479.76005018345495,834.5751141389692,481.6107046098002,选
999.2258654121702,464.28644112847195,1019.1751365529876,465.71002145642984,997.1616739366312,493.2128842826572,1017.1109450774486,494.6364646106151,3
1126.9012007134017,473.3973552274026,1177.7718421224863,477.0274850636953,1124.8370092378627,502.32379838158784,1175.7076506469473,505.9539282178805,7.51
1311.431958765963,486.56547326101327,1417.1630958122955,494.1104489991902,1309.3677672904241,515.4919164151985,1415.0989043367565,523.0368921533754,22.53
1460.0540287650529,497.1711467042997,1500.9500346037285,500.0894863766134,1457.9898372895138,526.097589858485,1498.8858431281897,529.0159295307988,9%
1682.4884019851672,513.0440673610304,1734.3565069512924,516.745376213721,1680.4242105096282,541.9705105152157,1732.2923154757536,545.6718193679063,2.03
191.13994083120895,436.69770259019845,346.744255729585,447.80162914827014,189.07574935567004,465.6241457443837,344.6800642540461,476.7280723024554,过程孩子没有
601.0974627750072,465.95227832973353,670.9199117678684,470.9348094775862,599.0332712994683,494.8787214839188,668.8557202923294,499.8612526317715,的话/
808.5698826395086,480.7575137404958,834.5039351225712,482.6081681668411,806.5056911639696,509.6839568946811,832.4397436470323,511.5346113210264,备
985.1209322357429,493.35619964292334,1017.0397660610507,495.633928167656,983.0567407602039,522.2826427971086,1014.9755745855118,524.5603713218413,95
1111.7988039799336,502.3959347254561,1175.6364716305493,506.9513917749214,1109.7346125043946,531.3223778796414,1173.5722801550103,535.8778349291067,56.94
1296.3295620324948,515.5640527590667,1415.0277253203585,524.0343557104163,1294.265370556956,544.4904959132521,1412.9635338448197,552.9607988646017,5409.30
1457.918658273116,527.0950534155259,1498.8146641117917,530.0133930878396,1455.854466797577,556.0214965697111,1496.7504726362527,558.9398362420249,9%
1654.4189790101677,541.1173196459113,1732.2211364593556,546.6692829249472,1652.354787534629,570.0437628000966,1730.1569449838166,575.5957260791324,486.84
189.00457033927216,466.6216093014246,396.47699020377354,481.42684471218683,186.94037886373314,495.5480524556099,394.4127987282345,510.35328786637217,我们他的选择点击
598.9620922830704,495.8761850409597,668.7845412759314,500.85871618881237,596.8979008075314,524.802628195145,666.7203498003925,529.7851593429976,他的+
806.4345121475717,510.681420451722,832.3685646306344,512.5320748780673,804.3703206720327,539.6078636059073,830.3043731550954,541.4585180322525,图
971.0159990593155,522.4259581573747,1014.9043955691138,525.5578348788821,968.9518075837766,551.35240131156,1012.8402040935749,554.4842780330674,196
1122.630459729528,533.2451686498549,1173.5011011386125,536.8752984861476,1120.5662682539892,562.1716118040401,1171.4369096630735,565.8017416403328,1.21
1294.194191540558,545.4879594702929,1412.8923548284217,553.9582624216425,1292.130000065019,574.4144026244782,1410.8281633528827,582.8847055758278,237.16
1455.783287781179,557.018960126752,1496.679293619855,559.9372997990657,1453.71909630564,585.9454032809373,1494.6151021443159,588.863742953251,9%
1665.2506347597623,571.9665535703101,1730.0857659674189,576.5931896361733,1663.186443284223,600.8929967244953,1728.0215744918798,605.5196327903586,21.34
186.86919984733527,496.54551601265075,549.9459346102126,522.4546779814847,184.80500837179625,525.471959166836,547.8817431346736,551.38112113567,威望拥有公司地址还有她的安全
596.8267217911335,525.8000917521858,666.6491707839946,530.7826229000385,594.7625303155945,554.7265349063711,664.5849793084556,559.7090660542237,运行!
804.2991416556348,540.6053271629481,830.2331941386975,542.4559815892934,802.2349501800959,569.5317703171334,828.1690026631585,571.3824247434786,是
968.8806285673786,552.3498648686009,1012.769025077177,555.4817415901083,966.8164370918397,581.2763080227861,1010.704833601638,584.4081847442935,196
1107.5280629960598,562.2437481479084,1171.3657306466755,566.7992051973737,1105.4638715205208,591.1701913020936,1169.3015391711367,595.725648351559,56.94
1266.1247685655585,573.5612117551738,1410.756984336485,583.8821691328686,1264.0605770900195,602.4876549093591,1408.6927928609457,612.808612287054,11160.24
1453.6479172892423,586.9428668379782,1494.5439231279179,589.8612065102918,1451.5837258137033,615.8693099921634,1492.479731652379,618.7876496644772,9%
1637.1812117847626,600.0398058551909,1727.9503954754819,606.5170963473995,1635.1170203092238,628.9662490093763,1725.886203999943,635.4435395015847,1004.42
1201.5858413531373,733.3727472407883,1383.1242087345759,746.3273282252053,1199.4504708612005,763.2966539520144,1380.988838242639,776.2512349364314,￥16829.23
1527.7564245055023,756.6482856029002,1690.3429843031645,768.250465275757,1525.6210540135655,786.5721923141263,1688.2076138112275,798.1743719869833,￥1514.63
1392.390883450887,813.1564292194734,1573.9292508323256,826.1110102038904,1390.2555129589502,843.0803359306994,1571.793880340389,856.0349169151165,￥18343.86
638.5219713771818,756.3527021515416,1001.5987061400591,782.2618641203757,636.7424959672344,781.2892910775633,999.8192307301117,807.1984530463974,壹万捌仟叁佰肆拾叁圆捌角陆分
416.66181692560224,802.6784171133345,685.9769773266376,821.8967515407662,414.52644643366534,832.6023238245606,683.8416068347008,851.8206582519924,图龙信息科技有限公司
448.29784934025923,837.0173374961707,747.5369164525207,858.3710424155395,446.1624788483224,866.941244207397,745.4015459605839,888.2949491267657,7154880H58884H6
395.3639737831061,876.3493196290335,816.293594854354,906.3868645489454,393.2286032911692,906.2732263402596,814.1582243624171,936.3107712601716,甘肃省琴县丰都雷街r座 392-7940239
392.8727082091798,911.260544125464,886.6171689444112,946.4941572424223,390.7373377172429,941.1844508366901,884.4817984524743,976.4180639536485,招商银行城北支行 213239364997034930
274.96134341157426,947.9608173065452,328.8243754917813,951.8044841920316,272.82597291963737,977.8847240177713,326.6890049998444,981.7283909032577,朱芳
690.9036466976177,977.6424671444677,744.7666787778248,981.486134029954,688.7682762056809,1007.5663738556939,742.6313082858879,1011.4100407411802,萧丹
1066.9474077020263,1004.4769563264742,1120.8104397822335,1008.3206232119607,1064.8120372100896,1034.4008630377004,1118.6750692902965,1038.2445299231867,张涛
