344.99734747647494,80.75596391250605,624.9967446209725,81.33699637107179,344.8977419121494,128.75586056584848,624.897139056647,129.33689302441422,7850529335
1600.936539993079,111.36224922680788,1735.9362493306048,111.64238987647349,1600.8888123268398,134.36219970653445,1735.8885216643653,134.64234035620007,7850529335
1366.9826963583505,88.87671946793881,1591.9822119208934,89.34362055071489,1366.8851659099485,135.87661827433664,1591.8846814724911,136.3435193571127,56556319
1585.8618681156654,147.33104497796296,1707.8616054429108,147.58420912062377,1585.803764869809,175.3309846924127,1707.8035021970543,175.5841488350735,56556319
1500.7686709088161,192.1545632369784,1680.7682833588506,192.5280841031992,1500.7105676629596,220.15450295142813,1680.7101801129938,220.52802381764894,2011年04月27日
436.6423045724715,251.9465064049959,644.6418567369554,252.37813051707326,436.5821262106915,280.9464439663903,644.5816783751754,281.37806807846766,群英信息有限公司
461.5654714569198,288.99830464003355,744.5648621422513,289.58556244636964,461.5032179792163,318.9982400483726,744.5026086645478,319.5854978547087,770865483271137
433.4659261781444,336.9400980475194,826.4650800273857,337.7556186054349,433.41612339598163,360.9400463741907,826.415277245223,361.75556693210615,辽宁省香港县崇文林路B座 501-7630142
436.3787648501935,378.94623296696443,880.3778088936111,379.8675844369758,436.3185864884135,407.94617052835883,880.3176305318311,408.8675219983702,EBA银行城北支行 191914805856303
1127.63251634752,257.3804028958777,1693.6312977181833,258.55491850854986,1127.5681877538932,288.3803361511614,1693.5669691245562,289.55485176383354,92170670964-<82097>5243-228
1127.5640375220462,290.3803318450506,1693.5628188927094,291.55484745772276,1127.4997089284193,321.3802651003343,1693.4984902990823,322.5547807130065,5+642+*6175+/>319>9-41-/021
1127.4955586965725,323.38026079422355,1693.4943400672355,324.5547764068957,1127.4312301029454,354.3801940495073,1693.4300114736086,355.55470966217945,7/27+880146+7<959349/39*7<8
1127.4270798710986,356.3801897433965,1693.4258612417616,357.55470535606867,1127.3627512774717,387.3801229986802,1693.361532648135,388.55463861135235,3/85124<63<*46+*8+1<+7064*3
185.21122087729088,459.4252044726941,549.2104371651378,460.18054666882955,185.15104251551088,488.4251420340885,549.1502588033577,489.18048423022395,其实注册设备国际一切会员的话
596.2103359715356,460.27807711723165,666.21018525766,460.4233352318731,596.1501576097555,489.27801467862605,666.15000689588,489.4232727932675,网上#
804.2098881360196,460.7097012293091,830.2098321565801,460.76365424331874,804.1497097742396,489.7096387907035,830.1496537948,489.76359180471314,相
993.2094812085554,461.10189813884097,1013.2094381474482,461.1434004573099,993.1493028467754,490.1018357002353,1013.149259785668,490.1433380187043,1
1108.2092336071883,461.3405364700376,1172.209095811645,461.47334388913833,1108.1490552454084,490.340474031432,1172.148917449865,490.4732814505327,49.14
1306.208807302226,461.7514094228805,1412.2085790783572,461.9713717107661,1306.1486289404459,490.7513469842749,1412.1484007165773,490.9713092721605,49.14
1455.2084864969765,462.0606016954744,1496.2083982217064,462.14568144833584,1455.1483081351964,491.06053925686876,1496.1482198599265,491.14561900973024,8%
1678.20800636563,462.52335254640354,1730.207894406751,462.6312585744229,1678.14782800385,491.52329010779795,1730.1477160449708,491.6311961358173,3.93
185.14896739958738,489.42513988103315,445.14840760519235,489.9646700211299,185.08878903780737,518.4250774424276,445.08822924341234,518.9646075825243,企业问题主题阅读学校
596.1480824938321,490.2780125255707,666.1479317799565,490.42327064021214,596.0879041320521,519.2779500869651,666.0877534181766,519.4232082016065,帖子g
804.1476346583161,490.7096366376481,830.1475786788766,490.76358965165775,804.0874562965361,519.7095741990424,830.0874003170966,519.7635272130522,文
981.1472535675164,491.07693215609856,1013.1471846697447,491.14333586564896,981.0870752057364,520.076869717493,1013.0870063079647,520.1432734270434,16
1108.146980129485,491.3404718783766,1172.1468423339415,491.47327929747735,1108.0868017677049,520.340409439771,1172.0866639721614,520.4732168588718,49.14
1293.1465818142424,491.72436832421465,1412.1463256006537,491.9713071191051,1293.0864034524623,520.724305885609,1412.0861472388738,520.9712446804995,786.24
1455.146233019273,492.06053710381343,1496.1461447440029,492.14561685667485,1455.0860546574932,521.0604746652078,1496.085966382223,521.1455544180692,8%
1678.1457528879264,492.52328795474256,1730.1456409290474,492.63119398276194,1678.0855745261465,521.523225516137,1730.0854625672673,521.6311315441563,62.90
185.08671392188387,519.4250752893722,445.0861541274889,519.9646054294689,185.02653556010387,548.4250128507665,445.0259757657089,548.9645429908633,一种中国觉得城市关系
596.0858290161286,520.2779479339097,666.0856783022531,520.4232060485512,596.0256506543487,549.2778854953041,666.0254999404731,549.4231436099456,生活g
804.0853811806126,520.7095720459871,830.0853252011731,520.7635250599968,804.0252028188326,549.7095096073815,830.0251468393931,549.7634626213912,男
981.0850000898129,521.0768675644376,1013.0849311920412,521.1432712739879,981.0248217280329,550.076805125832,1013.0247528302611,550.1432088353823,90
1108.0847266517815,521.3404072867156,1172.084588856238,521.4732147058164,1108.0245482900013,550.34034484811,1172.024410494458,550.4731522672108,49.14
1293.0843283365389,521.7243037325537,1412.0840721229501,521.9712425274441,1293.0241499747588,550.7242412939481,1412.0238937611703,550.9711800888385,4422.60
1455.0839795415695,522.0604725121525,1496.0838912662994,522.1455522650139,1455.0238011797896,551.0604100735469,1496.0237129045195,551.1454898264083,8%
1652.0835553896625,522.469270349072,1730.083387451344,522.631129391101,1652.0233770278824,551.4692079104664,1730.0232090895638,551.6310669524953,353.81
185.02446044418048,549.4250106977112,497.02378869090643,550.0724468658273,184.96428208240047,578.4249482591056,496.96361032912637,579.0723844272217,最新对于不要的话作为登录
596.0235755384252,550.2778833422487,666.0234248245497,550.4231414568902,595.9633971766452,579.2778209036431,665.9632464627696,579.4230790182846,自己#
804.0231277029092,550.7095074543262,830.0230717234697,550.7634604683358,803.9629493411292,579.7094450157206,829.9628933616896,579.7633980297302,司
993.022720775445,551.1017043638581,1013.0226777143378,551.143206682327,992.962542413665,580.1016419252525,1012.9624993525576,580.1431442437214,1
1108.022473174078,551.3403426950547,1172.0223353785345,551.4731501141554,1107.9622948122978,580.3402802564491,1171.9621570167546,580.4730876755498,61.43
1306.0220468691155,551.7512156478975,1412.0218186452469,551.9711779357832,1305.9618685073356,580.7511532092919,1411.9616402834667,580.9711154971776,61.43
1455.021726063866,552.0604079204915,1496.021637788596,552.1454876733529,1454.9615477020861,581.0603454818859,1495.961459426816,581.1454252347473,8%
1678.0212459325196,552.5231587714206,1730.0211339736406,552.63106479944,1677.9610675707395,581.523096332815,1729.9609556118605,581.6310023608344,4.91
1213.6819259387635,715.5599518818603,1376.681574990739,715.8981957773825,1213.6196724610602,745.5598872901993,1376.6193215130356,745.8981311857215,￥5319.41
1540.681221889659,716.2385147888282,1684.6809118496863,716.5373314818048,1540.6189684119554,746.2384501971671,1684.6186583719827,746.5372668901439,￥425.55
1409.5445462889643,781.9665325012022,1572.5441953409395,782.3047763967244,1409.4822928112608,811.9664679095413,1572.4819418632362,812.3047118050634,￥5744.96
653.5523993465911,777.3977513222408,965.551727593317,778.045187490357,653.5005214485047,802.3976974958566,965.4998496952308,803.0451336639728,伍仟柒佰肆拾肆圆玖角陆分
435.4242115254069,838.9452425614962,651.423746465448,839.3934676009612,435.36195804770347,868.9451779698353,651.3614929877444,869.3934030093003,南康信息有限公司
469.35773461197414,871.0157276051218,769.3570886953644,871.6382623821564,469.29548113427063,901.0156630134609,769.294835217661,901.6381977904955,700596817196215
419.26861228003406,913.9118792275686,868.2676455581749,914.8436062771973,419.20635880233067,943.9118146359076,868.2053920804715,944.8435416855364,海南省郑州县长寿唐街X座 376-6957652
419.1959832227134,948.9118038706308,941.1948593278125,949.9950143826712,419.1337297450099,978.9117392789699,941.132605850109,979.9949497910102,EBA银行城北支行 043455994792522534
304.1028506075253,993.6730686519427,358.10273434253554,993.7851249118089,304.0405971298218,1023.6730040602818,358.04048086483203,1023.785060320148,卢建
721.1019527834377,994.5383919920209,775.101836518448,994.6504482518872,721.0396993057343,1024.53832740036,775.0395830407444,1024.6503836602262,冯鑫
1098.101141081565,995.3207106951613,1152.101024816575,995.4327669550275,1098.0388876038614,1025.3206461035002,1152.0387713388716,1025.4327023633666,李娜
390.3855691820529,27.1882499447363,669.1851937597853,53.08746490032047,385.94570376109573,74.98247130091903,664.7453283388279,100.88168625650314,8443548096
1638.411106506608,171.24469091755844,1772.8323540708716,183.73181241400084,1636.283670992399,194.14608865072933,1770.704918556663,206.63321014717167,8443548096
1407.449215713156,127.69466220214133,1631.4846283202623,148.5065313628786,1403.1018474884686,174.49317061340355,1627.1372600955751,195.30503977414082,36584467
1620.1455132670828,205.70289899064636,1741.6224925473803,216.98755693557945,1617.5555917715244,233.58286144841958,1739.0325710518218,244.86751939335267,36584467
1531.347539116695,242.64771982912242,1710.57586920238,259.29721515771223,1528.757617621137,270.52768228689564,1707.9859477068217,287.17717761548545,2018年06月27日
466.17413955257604,205.96490558297194,750.9480417998311,232.41910371617575,463.4917208607477,234.84058098566567,748.2656231080028,261.2947791188695,诺依曼软件网络有限公司
487.6445669136,245.11871445177798,769.4313303260936,271.29542099617197,484.8696510255017,274.99010279939216,766.6564144379954,301.1668093437861,775695477674304
455.3247390348695,290.3230143124023,951.1897856052648,336.38661805483406,453.10480632439084,314.22012499049356,948.9698528947861,360.2837287329254,新疆维吾尔自治区佛山市大兴戴路d座 007-4492359
454.4269956262932,332.42044958787193,870.6350066030507,371.08427762870826,451.7445769344649,361.2961249905656,867.9525879112224,399.95995303140194,汉口银行城北支行 465681334802648
1153.8417957075428,273.86331998518466,1717.41532253253,326.21673307397265,1150.9743826231745,304.7304212777193,1714.5479094481618,357.0838343665073,-03-53*90*4/6>-1-9357>+*+--
1150.7893882306346,306.7218471675603,1714.362915055622,359.07526025634826,1147.9219751462663,337.5889484600949,1711.4955019712538,389.9423615488829,>8**-1-><<6146-88264940-*72
1147.7369807537266,339.5803743499359,1711.310507578714,391.9337874387238,1144.8695676693583,370.4474756424705,1708.4430944943456,422.8008887312585,073/->+39>811927*60989-327/
1144.6845732768184,372.43890153231143,1708.2581001018057,424.7923146210994,1141.81716019245,403.30600282484613,1705.3906870174374,455.65941591363406,16072-+>4343/92*6065*4-2<75
197.0107735533893,389.8564018626744,559.4502855044412,423.5253813049338,194.3283548615609,418.73207726536805,556.767866812613,452.4010567076275,她的这种这是当前大小大学应用
606.2487939157035,427.87274952962116,675.9487000601365,434.3475532685172,603.5663752238752,456.74842493231483,673.2662813683082,463.22322867121085,起来/
813.3570864591617,447.11216635376934,839.245623027094,449.51709345678785,810.6746677673334,475.987841756463,836.5632043352656,478.3927688594816,正
1001.546833049131,464.5941364487886,1021.4610919475405,466.44408037418754,998.8644143573026,493.46981185148235,1018.7786732557121,495.3197557768812,9
1103.109553431019,474.02885046832284,1179.7794501898954,481.1511345811085,1100.4271347391907,502.9045258710166,1177.0970314980673,510.0268099838022,568.93
1287.3164482413065,491.1408317782624,1418.750556970809,503.3504616858949,1284.6340295494783,520.0165071809561,1416.0681382789805,532.2261370885886,5120.37
1461.566213602389,507.3278411255025,1502.3904443441286,511.1202261725702,1458.883794910561,536.2035165281961,1499.7080256523002,539.9959015752638,12%
1657.7216637517222,525.5497887906813,1735.387273455519,532.7645700997369,1655.0392450598938,554.4254641933751,1732.7048547636907,561.6402455024306,614.44
194.23585766529106,419.72779021028856,349.5670770728848,434.1573528283997,191.55343897346268,448.6034656129823,346.8846583810564,463.03302823109345,他们操作因为
603.4738780276052,457.7441378772353,673.1737841720383,464.21894161613136,600.7914593357768,486.61981327992896,670.4913654802099,493.09461701882503,软件~
810.5821705710634,476.9835547013835,836.4707071389956,479.38848180440203,807.899751879235,505.8592301040772,833.7882884471674,508.26415720709576,个
998.7719171610327,494.4655247964028,1018.6861760594421,496.31546872180166,996.0894984692043,523.3412001990965,1016.0037573676137,525.1911441244954,9
1100.3346375429207,503.90023881593703,1177.0045343017973,511.02252292872265,1097.6522188510926,532.7759142186308,1174.322115609969,539.8981983314164,568.93
1284.5415323532084,521.0122201258765,1415.9756410827106,533.2218500335091,1281.85911366138,549.8878955285703,1413.2932223908822,562.0975254362028,5120.37
1458.791297714291,537.1992294731167,1499.6155284560305,540.9916145201844,1456.1088790224626,566.0749048758104,1496.933109764202,569.8672899228781,12%
1654.9467478636238,555.4211771382955,1732.612357567421,562.6359584473511,1652.2643291717955,584.2968525409892,1729.9299388755926,591.5116338500447,614.44
191.46094177719272,449.59917855790275,553.9004537282447,483.2681580001621,188.77852308536433,478.4748539605964,551.2180350364163,512.1438334028558,网站网上其中方式那么说明这些
600.6989621395069,487.6155262248495,670.3988682839399,494.0903299637455,598.0165434476785,516.4912016275432,667.7164495921115,522.9660053664392,之后h
807.8072546829651,506.8549430489977,833.6957912508974,509.2598701520162,805.1248359911367,535.7306184516914,831.013372559069,538.1355455547099,些
995.9970012729343,524.336913144017,1015.9112601713438,526.1868570694159,993.314582581106,553.2125885467107,1013.2288414795155,555.0625324721095,9
1097.5597216548226,533.7716271635512,1174.229618413699,540.8939112763369,1094.8773029629942,562.6473025662449,1171.5471997218706,569.7695866790306,568.93
1281.76661646511,550.8836084734908,1413.2007251946122,563.0932383811232,1279.0841977732816,579.7592838761844,1410.518306502784,591.968913783817,5120.37
1456.0163818261926,567.0706178207308,1496.840612567932,570.8630028677985,1453.3339631343642,595.9462932234245,1494.1581938761037,599.7386782704922,12%
1652.1718319755255,585.2925654859097,1729.8374416793226,592.5073467949653,1649.489413283697,614.1682408886033,1727.1550229874942,621.383022197659,614.44
188.68602588909437,479.4705669055169,447.57139156841725,503.5198379357022,186.0036071972661,508.3462423082106,444.8889728765889,532.3955133383959,商品发表你们服务重要
597.9240462514085,517.4869145724637,667.6239523958416,523.9617183113596,595.2416275595801,546.3625899751573,664.9415337040132,552.8373937140534,发表h
805.0323387948667,536.7263313966118,830.920875362799,539.1312584996303,802.3499201030385,565.6020067993055,828.2384566709707,568.0069339023241,一
957.3764193676991,550.8784024259132,1013.1363442832455,556.05824541703,954.6940006758707,579.7540778286069,1010.4539255914171,584.9339208197238,1013
1133.6176106186226,567.2504061656932,1171.4547025256006,570.765299623951,1130.9351919267942,596.1260815683869,1168.7722838337722,599.6409750266447,3.1
1291.9359688609777,581.9574603726142,1410.425809306514,592.9646267287375,1289.2535501691493,610.8331357753078,1407.7433906146857,621.8403021314311,3140.30
1453.2414659380943,596.942006168345,1494.0656966798338,600.7343912154126,1450.559047246266,625.8176815710387,1491.3832779880054,629.6100666181064,12%
1649.3969160874271,615.1639538335238,1727.0625257912243,622.3787351425794,1646.714497395599,644.0396292362176,1724.380107099396,651.2544105452731,376.84
1198.1051060239897,737.9471048342461,1379.3248619995156,754.7815945553758,1195.3301901358914,767.8184931818603,1376.5499461114173,784.6529829029901,￥18501.41
1523.7032390129843,768.1936880145176,1686.0044490350213,783.2707310065184,1520.928323124886,798.0650763621318,1683.229533146923,813.1421193541325,￥2220.17
1387.160028274586,821.7936096679061,1568.3797842501122,838.6280993890359,1384.3851123864877,851.6649980155204,1565.6048683620138,868.49948773665,￥20721.58
634.6785335035188,748.8785904530675,997.1180454545707,782.547569895327,632.3661035967702,773.7714140760794,994.8056155478222,807.4403935183387,贰万零仟柒佰贰拾壹圆伍角捌分
411.8782853421193,790.4484042512893,626.9522814449414,810.427798645597,409.10336945402094,820.3197925989034,624.1773655568431,840.2991869932112,超艺网络有限公司
442.7726151887772,825.4561231619224,741.4864986649188,853.2052820429053,439.99769930067896,855.3275115095366,738.7115827768206,883.0766703905196,078866119423E94
389.009588503146,863.6469199800056,862.9689502852908,907.6755854044986,386.23467261504766,893.5183083276197,860.1940343971926,937.5469737521128,浙江省杭州县兴山兴城路f座 997-2885367
385.77218663369797,898.4968730522221,836.830150682672,940.3981029625064,382.99727074559974,928.3682613998362,834.0552347945736,970.2694913101207,汉口银行城北支行 837287035161794
267.1028241356962,932.6667780025998,347.7555726742545,940.1590509004652,264.32790824759786,962.5381663502139,344.98065678615615,970.0304392480793,李红霞
682.3151221675332,971.2381088471662,736.0836211932387,976.2329574457432,679.5402062794349,1001.1094971947805,733.3087053051404,1006.1043457933574,陈丽
1057.6989024025513,1006.109551840935,1111.4674014282568,1011.1044004395119,1054.923986514453,1035.980940188549,1108.6924855401585,1040.975788787126,帅帅
379.7895536168072,38.82806232131736,659.0574225125376,59.0631161249799,376.3206872504651,86.70255413201403,655.5885561461955,106.93760793567657,4356650232
1630.4819172830032,157.52351913017668,1765.1289255005877,167.27970578551395,1628.819752149131,180.46337978946883,1763.4667603667153,190.2195664448061,4356650232
1398.6836667904306,118.67032018102276,1623.095347153071,134.93063127325155,1395.287068473387,165.54742674566324,1619.6987488360278,181.80773783789203,93904085
1612.9194888174038,192.34536724871725,1734.600488836258,201.16206926317022,1610.8959834370376,220.27215413829032,1732.5769834558917,229.08885615274323,93904085
1524.8896806841828,231.08491913084777,1704.419024974295,244.09316800463085,1522.8661753038166,259.0117060204208,1702.3955195939288,272.01995489420386,1974年07月16日
459.1911598238819,216.02959993241336,666.6472910035673,231.06135418656265,457.09538639421686,244.95377206804255,664.5515175739023,259.98552632219184,联软传媒有限公司
481.451873151231,254.73955526896185,763.71189778513,275.19141322052076,479.2838316722671,284.6611126506473,761.5438563061662,305.1129706022062,302264731530601
450.0562198953158,300.59054169929226,862.9737117625743,330.50951410899324,448.32178671214473,324.5277876046406,861.2392785794033,354.44676001434163,山西省拉萨县牧野邯郸街N座 989-1280496
450.01311756293495,342.6975261815482,986.6063799411598,381.5777367042998,447.9173441332699,371.62169831717745,984.5106065114949,410.501908839929,汉口银行北京东三环支行 499613921973294126
1148.0952926515072,269.95636298210525,1712.6153419193051,310.86007888522306,1145.8549831232447,300.8753056098468,1710.3750323910426,341.7790215129646,808/->65<+40502><0+/*1+207/
1145.710447024647,302.87007610195917,1710.230496292445,343.773792005077,1143.4701374963843,333.78901872970073,1707.9901867641825,374.6927346328186,<46+04+64+*5547<2<10/8*1/4>
1143.3256013977868,335.7837892218131,1707.8456506655848,376.68750512493096,1141.085291869524,366.7027318495547,1705.605341137322,407.6064477526726,33650298/483*29616-/15*4-2+
1140.9407557709264,368.697502341667,1705.4608050387246,409.6012182447849,1138.700446242664,399.61644496940863,1703.220495510462,440.5201608725265,0544649-7-*7<>55<*71<4+<502
193.81570880963136,405.34645073810134,453.13587278423825,424.13614355578795,191.71993537996627,434.27062287373053,451.0400993545732,453.06031569141714,直接不是成功两个数据
603.7410449387214,435.04861899990595,673.558012162654,440.1073824508216,601.6452715090563,463.9727911355352,671.4622387329889,469.03155458645085,这个h
811.1971761184069,450.0803732540553,837.1291925158675,451.9593425358239,809.1014026887418,479.0045453896845,835.0334190862025,480.88351467145316,营
999.7029876230249,463.7390345715275,1019.6506925441486,465.18439555750336,997.6072141933598,492.6632067071567,1017.5549191144835,494.1085676931326,4
1127.3682991182159,472.9893448817732,1178.2349466670812,476.67501539601176,1125.272525688551,501.91351701740246,1176.1391732374161,505.59918753164095,7.78
1311.8845696386093,486.3589340020502,1417.6074057205644,494.0193472277225,1309.7887962089444,515.2831061376795,1415.5116322908993,522.9435193633517,31.12
1460.49497130098,497.12687334757067,1501.3877663892836,500.0898633688212,1458.3991978713152,526.0510454831999,1499.2919929596185,529.0140355044505,5%
1682.9118811715084,513.2426483412019,1734.7759139664297,517.0005869047392,1680.816107741843,542.1668204768312,1732.6801405367646,545.9247590403685,1.56
191.64766733066756,435.2680081197867,399.10379851035304,450.299762373936,189.55189390100247,464.1921802554159,397.00802508068796,479.22393450956525,为了一种控制会员
601.5730034597575,464.9701763815914,671.3899706836901,470.02893983250704,599.4772300300925,493.8943485172206,669.2941972540251,498.9531119681362,操作+
809.029134639443,480.0019306357407,834.9611510369037,481.88089991750934,806.933361209778,508.9261027713699,832.8653776072387,510.8050720531386,有
997.5349461440611,493.6605919532129,1017.4826510651847,495.1059529391888,995.439172714396,522.5847640888421,1015.3868776355197,524.030125074818,9
1112.2342494405218,501.9714176225743,1176.0669051881173,506.59657277769713,1110.1384760108567,530.8955897582035,1173.9711317584522,535.5207449133263,64.94
1296.7505199609152,515.3410067428513,1415.4393642416005,523.9409046094079,1294.65474653125,544.2651788784806,1413.3435908119354,552.8650767450371,584.46
1458.3269298220164,527.0484307292561,1499.2197249103197,530.0114207505067,1456.2311563923513,555.9726028648853,1497.1239514806548,558.9355928861359,5%
1667.7778314938141,542.2247210820029,1732.607872487466,546.9221442864247,1665.6820580641493,571.1488932176322,1730.5120990578007,575.8463164220539,29.22
189.47962585170364,465.1895655014721,500.6638226212319,487.7371968826961,187.38385242203867,494.11373763710134,498.56804919156684,516.6613690183253,就是拥有市场也是处理以后
599.4049619807937,494.89173376327676,669.2219292047263,499.9504972141924,597.3091885511287,523.815905898906,667.1261557750613,528.8746693498216,语言g
806.8610931604792,509.92348801742605,832.7931095579399,511.80245729919477,804.7653197308141,538.8476601530554,830.6973361282749,540.726629434824,登
995.3669046650972,523.5821493348983,1015.3146095862209,525.0275103208742,993.2711312354322,552.5063214705275,1013.2188361565558,553.9516824565034,4
1110.066207961558,531.8929750042597,1173.8988637091534,536.5181301593825,1107.9704345318928,560.8171471398889,1171.8030902794885,565.4423022950118,64.94
1294.5824784819513,545.2625641245368,1413.2713227626368,553.8624619910933,1292.4867050522862,574.186736260166,1411.1755493329717,582.7866341267226,259.76
1456.1588883430525,556.9699881109415,1497.0516834313557,559.932978132192,1454.0631149133874,585.8941602465707,1494.9559100016909,588.8571502678213,5%
1665.6097900148502,572.1462784636884,1730.439831008502,576.84370166811,1663.5140165851853,601.0704505993176,1728.344057578837,605.7678738037392,12.99
187.31158437273984,495.1111228831575,394.76771555242533,510.14287713730687,185.21581094307476,524.0352950187868,392.67194212276024,539.0670492729361,一样各种次数浏览
597.2369205018299,524.8132911449621,667.0538877257625,529.8720545958778,595.1411470721648,553.7374632805914,664.9581142960974,558.796226731507,科技#
804.6930516815153,539.8450453991115,830.625068078976,541.7240146808801,802.5972782518503,568.7692175347407,828.5292946493109,570.6481868165093,有
993.1988631861334,553.5037067165837,1013.146568107257,554.9490677025595,991.1030897564683,582.4278788522129,1011.050794677592,583.8732398381889,9
1120.8641746813244,562.7540170268294,1171.7308222301897,566.439687541068,1118.7684012516595,591.6781891624587,1169.6350488005246,595.3638596766972,7.78
1305.3804452017177,576.1236061471064,1411.103281283673,583.7840193727787,1303.2846717720527,605.0477782827356,1409.0075078540078,612.7081915084079,70.02
1453.9908468640888,586.8915454926268,1494.883641952392,589.8545355138775,1451.8950734344235,615.8157176282562,1492.787868522727,618.7787076495067,5%
1689.373764933347,603.9468051271424,1728.2717895295382,606.7652590497954,1687.2779915036822,632.8709772627717,1726.176016099873,635.6894311854246,3.50
1201.769042479547,733.0461259648309,1345.3925179116368,743.4527250638573,1199.601001000583,762.9676833465163,1343.2244764326729,773.3742824455427,￥945.36
1527.9140179399178,756.6777780855368,1652.5871736969402,765.7112842478862,1525.745976460954,786.5993354672222,1650.4191322179765,795.6328416295715,￥47.27
1392.4868594528377,813.0380898671026,1536.1103348849276,823.444688966129,1390.3188179738738,842.959647248788,1533.942293405964,853.3662463478145,￥992.63
638.680417582262,755.4112888590452,898.0005815568687,774.2009816767318,636.8737163497921,780.3459200104496,896.1938803243988,799.1356128281363,玖佰玖拾贰圆陆角叁分
416.7698148854894,801.494739367391,766.8520362512086,826.8608246712681,414.6017734065256,831.4162967490765,764.6839947722448,856.7823820529535,雨林木风计算机科技有限公司
448.36833567383803,835.8681809173479,747.5839094906921,857.5485957069864,446.20029419487423,865.7897382990333,745.4158680117282,887.4701530886716,494274687538389
395.3915472511809,875.1423440328239,897.0763260174394,911.4931728301176,393.223505772217,905.0639014145092,894.9082845384756,941.4147302118031,湖北省玉梅县沈北新海口街D座 634-1732492
392.86216552572307,910.0508276447902,871.6070836326895,944.7394913082117,390.69412404675916,939.9723850264756,869.4390421537257,974.6610486898971,EBA银行城北支行 413602823304399
274.9108000108166,946.6223380479569,355.6990049413672,952.4760500411593,272.7427585318527,976.5438954296424,353.5309634624033,982.3976074228447,杨金凤
690.8204476162437,976.7581146055543,744.6792509032774,980.6605892676893,688.6524061372799,1006.6796719872398,742.5112094243136,1010.5821466493746,张辉
1066.8346853794237,1004.0031691912,1120.6934886664574,1007.9056438533348,1064.6666439004598,1033.9247265728854,1118.5254471874935,1037.8272012350203,杨想
320.4978270446717,114.21379637711067,600.1276344894864,99.82036772456661,322.9652719565363,162.15033479622173,602.5950794013511,147.75690614367767,8139701104
1576.276591876666,77.61196859446596,1711.098106180416,70.67227977984652,1577.4589092302679,100.58155992029003,1712.2804235340177,93.64187110567059,8139701104
1341.4550548322281,67.66984909771378,1566.1575786718115,56.10370107334802,1343.8710946417623,114.60770963309335,1568.5736184813456,103.04156160872759,04552402
1563.1470073045925,114.335448943757,1684.9857091198332,108.06402645943422,1564.5863501698468,142.29842968823846,1686.4250519850875,136.02700720391567,04552402
1480.5726167922896,163.6453874097674,1660.3346358639562,154.39246899027478,1482.0119596575441,191.60836815424886,1661.7739787292107,182.35544973475623,2001年05月19日
421.16646484648584,280.25844508078654,628.8914646626339,269.5661837960395,422.6572128140708,309.2201037089995,630.3822126302189,298.52784242425247,迪摩传媒有限公司
448.0354007260019,315.9243992205885,730.661241822011,301.3767552610529,449.57755379591737,345.88473573253293,732.2033948919265,331.3370917729973,890266117266772
422.53986489338513,365.300280504954,835.9925087582183,344.01856814012103,423.7735873493175,389.2685497145095,837.2262312141506,367.98683734967653,山西省哈尔滨市西峰唐路k座 963-9786536
427.69491284246124,407.09053631468464,871.1078932192387,384.2666708799362,429.1856608100461,436.0521949428976,872.5986411868237,413.22832950814916,EBA银行城北支行 315468105218499
1111.4585029142613,248.73223090532701,1676.7101851062794,219.63694298625586,1113.0520610865071,279.69124530100294,1678.3037432785254,250.59595738193178,*3893/075>/4550532>1<251<41
1113.154871291168,281.68860106846586,1678.4065534831866,252.5933131493947,1114.7484294634141,312.6476154641418,1680.0001116554324,283.5523275450706,44/7<+<82+/6-+6887027+75*71
1114.851239668075,314.6449712316047,1680.1029218600934,285.54968331253355,1116.4447978403211,345.6039856272806,1681.6964800323394,316.50869770820947,/6>91361>6+0+3>-9>604886+>9
1116.547608044982,347.6013413947436,1681.7992902370004,318.5060534756724,1118.1411662172281,378.5603557904195,1683.3928484092462,349.4650678713483,722>*63205-+<4+394/82>-0>-+
181.19057731463113,500.88612558189374,388.9155771307792,490.1938642971467,182.6813252822161,529.8477842101066,390.40632509836416,519.1555229253597,发展简介开发资源
591.6471875282698,479.75862852405226,661.5546393894736,476.1602713609163,593.1379354958548,508.72028715226526,663.0453873570584,505.1219299891292,会员#
799.3721873444179,469.06636723930524,825.3378123214363,467.7298345787119,800.8629353120027,498.02802586751824,826.8285602890212,496.69149320692486,以
988.1223073696677,459.350802898838,1008.0958650442974,458.32270085222774,989.6130553372526,488.312461527051,1009.5866130118823,487.2843594804407,4
1128.9358889758066,452.1026834702355,1166.8856485576027,450.14928958167593,1130.4266369433915,481.0643420984485,1168.3763965251878,479.11094820988893,6.1
1313.6912974661304,442.5927395390903,1406.5683406531582,437.8120650223525,1315.1820454337155,471.5543981673033,1408.0590886207433,466.77372365056544,24.40
1449.511489653612,435.6016456221404,1490.4572828866026,433.4940364265893,1451.0022376211969,464.5633042503533,1491.9480308541874,462.4556950548022,16%
1685.1994702142415,423.470041472139,1724.147907679769,421.4652424812489,1686.6902181818264,452.4317001003519,1725.638655647354,450.4269011094618,3.90
182.73273038454658,530.8464620938381,390.45773020069464,520.1542008090911,184.22347835213156,559.8081207220511,391.9484781682796,549.115859437304,系列合作地区关系
593.1893405981853,509.7189650359967,663.0967924593889,506.1206078728607,594.6800885657701,538.6806236642096,664.5875404269739,535.0822665010736,中国-
800.9143404143333,499.0267037512497,826.8799653913518,497.69017109065635,802.4050883819182,527.9883623794626,828.3707133589367,526.6518297188693,子
977.6803258348054,489.92800063874864,1009.6380181142127,488.2830373641722,979.1710738023903,518.8896592669616,1011.1287660817977,517.2446959923851,71
1091.5296045801942,484.06781897307,1168.4278016275182,480.10962609362036,1093.020352547779,513.0294776012829,1169.9185495951033,509.0712847218333,969.19
1263.302200582009,475.2261413722215,1408.1104937230737,467.77240153429693,1264.7929485495938,504.18780000043444,1409.6012416906585,496.7340601625099,68812.49
1451.0536427235274,465.5619821340848,1491.999435956518,463.4543729385337,1452.5443906911123,494.52364076229776,1493.490183924103,492.41603156674665,16%
1634.8103733301198,456.10344330527016,1725.6900607496846,451.4255789931933,1636.3011212977049,485.0651019334831,1727.1808087172694,480.38723762140626,11010.00
184.27488345446204,560.8067986057825,443.93113322464706,547.4414719998488,185.7656314220469,589.7684572339955,445.4218811922319,576.4031306280617,广告规定网络加入因此
594.7314936681007,539.6793015479411,664.6389455293044,536.0809443848051,596.2222416356856,568.6409601761541,666.1296934968893,565.042603013018,不要#
802.4564934842488,528.9870402631941,828.4221184612672,527.6505076026008,803.9472414518336,557.948698891407,829.9128664288521,556.6121662308137,要
979.2224789047208,519.8883371506931,1011.1801711841282,518.2433738761166,980.7132268723058,548.8499957789061,1012.6709191517132,547.2050325043296,71
1106.0545701386188,513.3598891547177,1169.9699546974336,510.0699626055648,1107.545318106204,542.3215477829307,1171.4607026650185,539.0316212337777,33.31
1277.8271661404337,504.51821155386926,1409.6526467929891,497.73273804624137,1279.3179141080186,533.4798701820822,1411.143394760574,526.6943966744543,2365.01
1452.595795793443,495.52231864602925,1493.5415890264335,493.41470945047814,1454.0865437610278,524.4839772742422,1495.0323369940184,522.376368078691,16%
1662.3181513770537,484.72724715662116,1727.2322138196,481.38591550513775,1663.8088993446386,513.6889057848341,1728.7229617871849,510.3475741333507,378.40
185.8170365243775,590.767135117727,549.3357862026364,572.0556778694197,187.30778449196237,619.7287937459399,550.8265341702214,601.0173364976326,发展功能今天音乐首页知道到了
596.2736467380162,569.6396380598856,666.1810985992197,566.0412808967495,597.764394705601,598.6012966880985,667.6718465668047,595.0029395249625,关系!
803.9986465541641,558.9473767751385,829.9642715311827,557.6108441145452,805.4893945217491,587.9090354033515,831.4550194987676,586.5725027427582,他
956.7963627650807,551.0823961185698,1012.7223242540437,548.203710388061,958.2871107326656,580.0440547467828,1014.2130722216285,577.165369016274,1990
1133.5623481855528,541.9836930060687,1171.512107767349,540.0302991175092,1135.0530961531379,570.9453516342817,1173.002855734934,568.9919577457222,6.1
1279.369319210349,534.4785480658137,1411.1947998629046,527.6930745581858,1280.860067177934,563.4402066940266,1412.6855478304894,556.6547331863987,12139.00
1454.1379488633581,525.4826551579737,1495.083742096349,523.3750459624225,1455.6286968309432,554.4443137861866,1496.5744900639338,552.3367045906355,16%
1637.8946794699507,516.024116329159,1728.7743668895155,511.3462520170822,1639.3854274375356,544.985774957372,1730.2651148571003,540.3079106452951,1942.24
1221.8870156662756,701.6544577515905,1403.6463905054052,692.2987291274369,1223.429168736191,731.6147942635349,1405.1885435753206,722.2590656393813,￥83340.90
1548.45468364647,684.8449892895123,1730.2140584855995,675.4892606653586,1549.9968367163854,714.8053258014568,1731.756211555515,705.4495971773031,￥13334.54
1421.02061763146,757.4917980210874,1602.7799924705896,748.1360693969337,1422.5627707013753,787.4521345330319,1604.322145540505,778.0964059088782,￥96675.44
665.8659222234688,793.3580217317619,1029.3846719017279,774.6465644834547,667.1510497817317,818.3249688250489,1030.6697994599906,799.6135115767416,玖万陆仟陆佰柒拾伍圆肆角肆分
451.34125991449787,866.4823628311658,720.9842885219977,852.6029852019269,452.8834129844133,896.4426993431102,722.5264415919131,882.5633217138713,艾提科信网络有限公司
486.94127123594467,896.6922816313358,786.544636355389,881.2707509321815,488.4834243058601,926.6526181432803,788.0867894253043,911.2310874441259,76D6491D9375D01
439.2177964495827,942.2056857483152,860.6598633842677,920.5127325648381,440.75994951949815,972.1660222602596,862.2020164541831,950.4730690767825,天津市洋县静安王路s座 364-6650782
441.01697503115076,977.159411678917,962.3268303389838,950.3259482623885,442.5591281010662,1007.1197481908614,963.8689834088992,980.2862847743329,EBA银行城北支行 690292304926650126
328.48224800690366,1028.0115032148428,409.37515658915356,1023.8476899260711,330.024401076819,1057.9718397267873,410.9173096590689,1053.8080264380155,蒋桂珍
744.9309255229311,1006.5755755430182,825.823834105181,1002.4117622542466,746.4730785928466,1036.5359120549626,827.3659871750965,1032.372098766191,刘桂荣
1121.4324876896994,987.1958519644143,1202.3253962719493,983.0320386756426,1122.9746407596149,1017.1561884763587,1203.8675493418648,1012.9923751875871,冉雪梅
337.9456736544324,89.97142232568245,617.9223460871814,86.35715981651828,338.5652615131462,137.96742331415373,618.5419339458953,134.35316080498956,1681516994
1594.2024591036802,101.75654059927808,1729.1912118837556,100.01394974664538,1594.4993449526473,124.75462440625387,1729.4880977327227,123.01203355362117,1681516994
1359.9379765163055,82.77886429079211,1584.9192311497645,79.8745462030709,1360.5446562946295,129.77494859200357,1585.5259109280887,126.87063050428236,86992395
1579.6683996888182,137.9471625464796,1701.6582355345163,136.3723767389152,1580.0298259397346,165.94482978975452,1702.0196617854326,164.3700439821901,86992395
1495.256344889278,184.04060030631052,1675.241348596045,181.71714583613357,1495.6177711401945,212.03826754958544,1675.6027748469617,209.7148130794085,2007年04月27日
432.14529062900374,259.7696324512431,692.1236293165564,256.4135315498764,432.51962496031,288.76721638177787,692.4979636478627,285.4111154804111,东方峻景传媒有限公司
457.62080678492447,296.44384787010955,740.5972292794529,292.7908611197758,458.0080491966206,326.4413484879041,740.9844716911491,322.7883617375703,944190655860710
430.2427274003635,344.8012751094973,802.2117350610157,339.99946920446484,430.5525213297203,368.7992756037329,802.5215289903726,363.99746969870046,河南省楠市涪城王路P座 143-0893981
433.78461683851754,386.75905173323997,851.7497921131214,381.3634741302735,434.1589511698238,415.7566356637747,852.1241264444277,410.3610580608082,汉口银行上海分行 990333834583431
1123.1393538470975,254.84981565088077,1689.0921988361545,247.5438421502132,1123.5395043391836,285.84723295593517,1689.4923493282404,278.5412594552676,622259584976*>96231-<>-//0-
1123.5653204999633,287.84706633045477,1689.5181654890202,280.5410928297872,1123.9654709920492,318.84448363550916,1689.9183159811064,311.53851013484154,78/8086322/9<+228<8>*3-<81>
1123.991287152829,320.8443170100288,1689.944132141886,313.5383435093612,1124.391437644915,351.84173431508316,1690.344282633972,344.53576081441554,341*+2/*0>/59653/*<1//04<7>
1124.4172538056948,353.8415676896028,1690.3700987947518,346.5355941889352,1124.8174042977807,384.83898499465715,1690.770249286838,377.53301149398953,3+715><53889239*/*5983419-0
183.85108284788282,470.99223157914315,391.83375379792494,468.30735085804974,184.2254171791892,499.98981550967784,392.2080881292313,497.3049347885845,中心还是内容全国
594.816841311668,465.6870105389057,664.8110094198553,464.78344491161465,595.1911756429743,494.68459446944047,665.1853437511616,493.7810288421494,网站g
802.7995122617101,463.0021298178123,828.7973461304655,462.6665197276757,803.1738465930164,491.99971374834706,829.1716804617718,491.66410365821037,何
979.7847659066979,460.717399588805,1011.7820998990121,460.3043410163291,980.1591002380043,489.71498351933974,1012.1564342303184,489.3019249468638,85
1119.7731021230725,458.9102683342229,1170.7688531733231,458.25195623433945,1120.1474364543787,487.90785226475765,1171.1431875046294,487.24954016487413,9.15
1291.758772331761,456.6900785071649,1410.7488581156795,455.15401694077013,1292.1331066630673,485.68766243769966,1411.1231924469857,484.1516008713049,777.75
1453.7452756678517,454.59896948400564,1494.7418598455042,454.0697381880209,1454.119609999158,483.5965534145404,1495.1161941768105,483.0673221185556,8%
1663.7277799924134,451.8882726021325,1728.7223646643015,451.04924737679085,1664.10211432372,480.8858565326672,1729.0966989956078,480.04683130732553,62.22
184.23832525957903,500.98973219693767,340.2253284721106,498.97607165611765,184.6126595908853,529.9873161274724,340.5996628034169,527.9736555866524,解决方面的话
595.2040837233642,495.6845111567003,665.1982518315515,494.7809455294092,595.5784180546705,524.682095087235,665.5725861628578,523.7785294599439,活动-
803.1867546734063,492.9996304356069,829.1845885421616,492.6640203454702,803.5610890047126,521.9972143661416,829.5589228734678,521.6616042760049,经
980.1720083183941,490.7149002065995,1012.1693423107083,490.3018416341236,980.5463426497004,519.7124841371342,1012.5436766420146,519.2994255646583,51
1094.1625106660133,489.2433790421541,1171.1560955850193,488.24945685213396,1094.5368449973196,518.2409629726889,1171.5304299163256,517.2470407826687,193.63
1279.1470978090797,486.8553841700278,1411.1361005273757,485.1515175585647,1279.521432140386,515.8529681005625,1411.510434858682,514.1491014890994,9875.13
1454.132518079548,484.59647010180015,1495.1291022572004,484.0672388058154,1454.5068524108542,513.594054032335,1495.5034365885067,513.0648227363502,8%
1651.1161054697318,482.0535782649954,1729.1096070759977,481.04674799458536,1651.490439801038,511.0511621955301,1729.483941407304,510.0443319251201,790.01
184.62556767127523,530.9872328147322,340.6125708838068,528.9735722739122,184.9999020025815,559.9848167452669,340.9869052151131,557.9711562044469,问题完全地方
595.5913261350604,525.6820117744948,665.5854942432476,524.7784461472038,595.9656604663667,554.6795957050296,665.9598285745539,553.7760300777385,市场h
803.5739970851025,522.9971310534014,829.5718309538577,522.6615209632647,803.9483314164088,551.9947149839361,829.946165285164,551.6591048937995,据
956.5612502358546,521.022194753751,1012.5565847224044,520.2993422519181,956.935584567161,550.0197786842857,1012.9309190537107,549.2969261824529,1430
1107.548670012087,519.0730746148803,1171.5433379967155,518.2469574699285,1107.9230043433934,548.0706585454151,1171.9176723280218,547.2445414004633,67.59
1279.534340220776,516.8528847878223,1411.5233429390719,515.1490181763592,1279.9086745520822,545.8504687183571,1411.8976772703782,544.146602106894,96653.70
1454.519760491244,514.5939707195947,1495.5163446688966,514.0647394236099,1454.8940948225502,543.5915546501294,1495.890679000203,543.0623233541447,8%
1651.503347881428,512.05107888279,1729.496849487694,511.0442486123799,1651.8776822127343,541.0486628133247,1729.8711838190002,540.0418325429147,7732.30
185.01281008297133,560.9847334325268,548.982484245545,556.2861921706133,185.3871444142776,589.9823173630615,549.3568185768513,585.2837761011481,上海时间业务系统部分然后价格
595.9785685467565,555.6795123922893,665.9727366549437,554.7759467649983,596.3529028780629,584.677096322824,666.3470709862501,583.773530695533,他的+
803.9612394967986,552.994631671196,829.9590733655539,552.6590215810593,804.3355738281049,581.9922156017307,830.3334076968601,581.656605511594,威
956.9484926475508,551.0196953715455,1012.9438271341006,550.2968428697127,957.322826978857,580.0172793020803,1013.3181614654069,579.2944268002474,1430
1107.9359124237833,549.0705752326749,1171.9305804084117,548.244458087723,1108.3102467550896,578.0681591632095,1172.304914739718,577.2420420182577,67.59
1279.921582632472,546.8503854056169,1411.9105853507679,545.1465187941537,1280.2959169637784,575.8479693361516,1412.2849196820744,574.1441027246884,96653.70
1454.9070029029401,544.5914713373893,1495.9035870805926,544.0622400414045,1455.2813372342464,573.589055267924,1496.277921411899,573.0598239719392,8%
1651.8905902931242,542.0485795005844,1729.8840918993901,541.0417492301744,1652.2649246244305,571.0461634311192,1730.2584262306964,570.0393331607091,7732.30
1216.044006457263,711.6886554219586,1417.0272605964865,709.0941312635942,1216.4312488689593,741.6861560397531,1417.4145030081827,739.0916318813888,￥203960.28
1543.0167631912236,707.4677131344704,1725.0016002725106,705.1184425035137,1543.4040056029196,737.465213752265,1725.3888426842066,735.1159431213082,￥16316.82
1412.8796104659189,775.1531730246916,1613.8628646051422,772.5586488663273,1413.266852877615,805.1506736424861,1614.2501070168385,802.5561494841219,￥220277.10
656.903870656327,781.9119317376554,1020.8735448189007,777.213390475742,657.2265726660737,806.9098489191508,1021.1962468286474,802.2113076572375,贰拾贰万零仟贰佰柒拾柒圆壹角
439.7223338178586,846.7207278727562,655.7043382659792,843.9325825085439,440.1095762295548,876.7182284905508,656.0915806776754,873.9300831263384,维涛网络有限公司
474.13255975716834,878.2791871318148,834.1025671707029,873.632278191461,474.51980216886454,908.2766877496093,834.489809582399,903.6297788092554,719673997D08965553
424.6917728509419,921.9210087034805,873.6543654306003,916.125280608428,425.0790152626381,951.9185093212751,874.0416078422963,946.1227812262225,云南省红霞市和平宋路Q座 550-3421049
425.14355566458744,956.9180927575742,878.105814993285,951.0707323409622,425.53079807628365,986.9155933753686,878.4930574049812,981.0682329587567,招商银行城北支行 903417828915271
310.73400024725265,1003.3987729291014,391.72725191529787,1002.3532184175217,311.12124265894886,1033.3962735468958,392.1144943269941,1032.3507190353162,何建平
727.6992588345968,998.0161034065246,808.692510502642,996.9705488949451,728.0865012462929,1028.0136040243192,809.0797529143381,1026.9680495127395,杨丽华
1104.667849931548,993.149757099543,1185.6611015995934,992.1042025879633,1105.0550923432443,1023.1472577173374,1186.0483440112896,1022.1017032057578,宁芳
