377.101768774074,41.8573816887116,656.471505630399,60.63369998670839,373.8829713515603,89.74933657836738,653.2527082078852,108.52565487636411,9866756793
1628.3969565569323,154.01955459678663,1763.0930796840892,163.07242234760645,1626.8546161253112,176.96778298141334,1761.550739252468,186.02065073223315,9866756793
1396.3989586218463,116.37743783760664,1620.8924971671074,131.46555075563975,1393.2472194789682,163.2716436670612,1617.7407580242293,178.35975658509432,77318578
1611.0166225870298,188.93264656949282,1732.7420079315714,197.11375668504854,1609.13899075723,216.86962025512537,1730.8643761017715,225.0507303706811,77318578
1523.1903298863244,228.13140050951034,1702.7851607225334,240.20189084393684,1521.3126980565248,256.0683741951429,1700.9075288927338,268.1388645295694,2009年09月05日
457.4277164948756,218.64183270959478,716.8424721471774,236.07698541487747,455.48302638544027,247.57655545542843,714.8977820377421,265.0117081607111,中建创业信息有限公司
479.89028665338367,257.23500492793033,762.2532706903122,276.21249806483416,477.87853826431257,287.16747673396515,760.241522301241,306.144969870869,504580464664608
448.7345155452374,303.24932798778633,819.8971659400693,328.19500801226775,447.12511683398054,327.1953054326142,818.2877672288124,352.14098545709555,山东省慧县东城马街r座 181-2606105
448.9113149811414,345.3559633551422,891.9118977104569,375.1298395133942,446.966624871706,374.2906861009759,889.9672076010214,404.06456225922784,EBA银行城北支行 015111227249812
1146.604083975335,268.9701001786699,1711.330052049192,306.9250864524776,1144.5252773066281,299.9003210449059,1709.2512453804852,337.85530731871364,7>>22068554+/+4<*0/16<14-19
1144.3911607473567,301.89581916530824,1709.117128821214,339.85080543911596,1142.31235407865,332.82604003154427,1707.0383221525071,370.78102630535193,36<6233-+71-8-</87/7666<462
1142.1782375193786,334.8215381519466,1706.9042055932357,372.77652442575425,1140.0994308506718,365.75175901818255,1704.825398924529,403.7067452919902,11053311>79132/6**086//10+<
1139.9653142914003,367.74725713858487,1704.6912823652574,405.70224341239253,1137.8865076226937,398.67747800482084,1702.6124756965507,436.63246427862856,99//94/*82//>5+0+*-73+10+36
193.04458022015797,409.3420090428749,348.69343361153915,419.80310066604454,191.09989011072264,438.27673178870856,346.7487435021038,448.73782341187814,生活次数不要
603.1194439628352,436.90296197314865,672.9618781769165,441.59704154764785,601.1747538533998,465.83768471898236,671.0171880674811,470.5317642934815,是一h
810.6512484846767,450.8510841373748,836.5927240499069,452.5945994079031,808.7065583752413,479.78580688320847,834.6480339404715,481.52932215373676,化
975.2798434178683,461.9157002772657,1019.1808020667194,464.8662645812367,973.3351533084328,490.85042302309944,1017.2361119572839,493.80098732707035,459
1100.9962250032145,470.36504351136426,1177.822902638704,475.52853104331336,1099.0515348937793,499.2997662571979,1175.8782125292685,504.4632537891471,521.19
1259.6383255751991,481.027309973441,1417.2826770869824,491.622518155882,1257.6936354657637,509.96203271927465,1415.3379869775472,520.5572409017157,239226.21
1460.1858866756324,494.5060241802172,1501.0935981438802,497.255413645281,1458.241196566197,523.4407469260509,1499.1489080344447,526.1901363911147,10%
1630.8009759700308,505.97298999792235,1734.5668782309517,512.9470510800354,1628.8562858605956,534.9077127437561,1732.6221881215165,541.8817738258691,23922.62
191.03283183108692,439.2744808489097,450.4475874833888,456.7096335541924,189.0881417216516,468.20920359474337,448.50289737395343,485.64435630002606,可能系统历史主要安全
601.1076955737641,466.8354337791835,670.9501297878453,471.52951335368266,599.1630054643288,495.77015652501717,669.00543967841,500.46423609951637,上海*
808.6395000956056,480.7835559434096,834.5809756608357,482.5270712139379,806.6948099861702,509.71827868924333,832.6362855514004,511.46179395977157,规
985.2410837512111,492.652871438929,1017.1690536776482,494.7987363872715,983.2963936417757,521.5875941847627,1015.2243635682129,523.7334591331052,10
1124.9259521793736,502.04103058792737,1175.8111542496329,505.46100284934823,1122.9812620699383,530.9757533337611,1173.8664641401974,534.3957255951818,8.08
1322.4802660992034,515.3185699557965,1415.2709286979114,521.5549899619168,1320.535575989768,544.2532927016301,1413.326238588476,550.4897127077505,80.80
1458.1741382865614,524.4384959862521,1499.081849754809,527.1878854513159,1456.229448177126,553.3732187320857,1497.1371596453737,556.1226081971495,10%
1680.6721787114202,539.3924923450137,1732.5551298418807,542.8795228860703,1678.727488601985,568.3272150908474,1730.6104397324452,571.814245631904,8.08
189.02108344201588,469.20695265494453,448.43583909431777,486.6421053602272,187.07639333258044,498.14167540077824,446.49114898488233,515.5768281060609,地址公司其实自己记者
599.095947184693,496.76790558521833,668.9383813987743,501.4619851597175,597.1512570752577,525.702628331052,666.9936912893389,530.3967079055512,大小/
806.6277517065346,510.7160277494445,832.5692272717647,512.4595430199728,804.6830615970991,539.6507504952781,830.6245371623294,541.3942657658064,验
983.22933536214,522.5853432449638,1015.1573052885772,524.7312081933063,981.2846452527046,551.5200659907975,1013.2126151791418,553.66593093914,10
1096.9727282250724,530.229987123434,1173.7994058605618,535.393474655383,1095.028038115637,559.1647098692677,1171.8547157511264,564.3281974012167,521.19
1294.5270421449022,543.507526491303,1413.2591803088403,551.4874617679517,1292.5823520354668,572.4422492371367,1411.314490199405,580.4221845137853,5211.90
1456.1623898974904,554.3709677922868,1497.070101365738,557.1203572573506,1454.217699788055,583.3056905381205,1495.1254112563024,586.0550800031843,10%
1652.718954757119,567.5814488805203,1730.5433814528096,572.8119946921051,1650.7742646476836,596.516171626354,1728.5986913433742,601.7467174379387,521.19
187.00933505294483,499.1394244609794,550.1899929661674,523.5486382483751,185.0646449435094,528.074147206813,548.245302856732,552.4833609942089,继续网上只要如此以下次数信息
597.0841987956219,526.7003773912531,666.9266330097032,531.3944569657524,595.1395086861866,555.6351001370869,664.9819429002678,560.329179711586,今天~
804.6160033174634,540.6484995554792,830.5574788826937,542.3920148260075,802.6713132080281,569.583222301313,828.6127887732582,571.3267375718412,什
981.2175869730689,552.5178150509987,1013.1455568995061,554.6636799993412,979.2728968636336,581.4525377968323,1011.2008667900707,583.5984027451748,10
1120.9024554012315,561.905974199997,1171.7876574714905,565.3259464614179,1118.957765291796,590.8406969458307,1169.8429673620553,594.2606692072516,4.06
1318.4567693210613,575.1835135678662,1411.2474319197693,581.4199335739864,1316.5120792116259,604.1182363136998,1409.3027418103338,610.3546563198202,40.60
1454.150641508419,584.3034395983217,1495.0583529766668,587.0528290633855,1452.2059513989839,613.2381623441554,1493.1136628672316,615.9875518092192,10%
1676.648681933278,599.2574359570834,1728.5316330637386,602.7444664981399,1674.7039918238427,628.192158702917,1726.5869429543031,631.6791892439736,4.06
1202.6955601396842,731.7732400791078,1403.2431212401175,745.251954285884,1200.6838117506131,761.7057118851426,1401.2313728510464,775.1844260919188,￥244559.51
1528.959502825464,753.7012975199825,1710.5498317820752,765.9059044136804,1526.9477544363926,783.6337693260173,1708.538083393004,795.8383762197152,￥24455.95
1393.8285294831553,810.768100860982,1594.3760905835888,824.2468150677583,1391.8167810940843,840.700572667017,1592.3643421945176,854.1792868737932,￥269015.46
639.7314148099848,757.0787942757875,1054.7950238536678,784.9750386042397,638.0549578190922,782.0225207808164,1053.1185668627752,809.9187651092687,贰拾陆万玖仟零佰壹拾伍圆肆角陆分
418.06450634871817,804.3205310476762,687.4567526030316,822.4262665493159,416.0527579596471,834.2530028537111,685.4450042139606,852.3587383553509,合联电子信息有限公司
449.84210944721514,838.5284824817273,749.1668275075634,858.6459663724381,447.8303610581441,868.4609542877622,747.1550791184924,888.5784381784729,829987810014391
397.0711504128218,878.0787780885921,845.0604784431432,908.1879456450225,395.05940202375075,908.0112498946269,843.048730054072,938.1204174510574,天津市红梅县白云仲街n座 704-0294042
394.7241106255723,912.9999951956327,942.4883446760097,949.8149907156335,392.7123622365011,942.9324670016675,940.4765962869386,979.7474625216682,汉口银行龙阳大道支行 313955279099963261
276.96534611883214,950.1870007465791,357.7830199951262,955.6187213970711,274.9535977297611,980.119472552614,355.77127160605517,985.5511932031059,程秀云
693.0267042227163,978.1503033546671,746.9051534735789,981.7714504549951,691.0149558336452,1008.0827751607019,744.8934050845079,1011.7039222610299,胡坤
1069.178099918554,1003.431274777327,1123.0565491694167,1007.052421877655,1067.1663515294829,1033.3637465833617,1121.0448007803457,1036.9848936836897,马玉
339.3036291814859,88.14510647921463,619.2893444741021,85.3168151077221,339.78847913088464,136.14265767223458,619.7741944235008,133.31436630074205,8737857518
1595.5223812026566,103.45677099920965,1730.515493933025,102.09313051652578,1595.7547051367433,126.45559761253173,1730.7478178671117,125.09195712984786,8737857518
1361.31209624321,83.82153687239429,1586.3006174604907,81.54880273458781,1361.7868451519962,130.81913908222634,1586.775366369277,128.54640494441986,36123130
1580.886783916887,139.60645000316174,1702.8805598658125,138.37412304843997,1581.169613054036,167.6050215324234,1703.1633890029616,166.37269457770162,36123130
1496.3456671734752,185.46274269867814,1676.3364841472999,183.64455538843288,1496.6284963106245,213.4613142279398,1676.6193132844492,211.64312691769453,1996年12月15日
433.02621357950704,258.20708686800054,745.0102963341366,255.05556219690885,433.31914375726876,287.2056073804501,745.3032265118983,284.0540827093584,惠派国际公司网络有限公司
458.39867666186643,294.9526732306416,741.3842389040465,292.09407873731163,458.70170788024063,324.95114272627904,741.6872701224206,322.09254823294907,217545289424934
430.88495508200356,343.23305356081073,823.8649054748541,339.2633446001087,431.1273800567029,367.2318291573207,824.1073304495535,363.2621201966187,北京市澳门市东丽陈路U座 275-9855273
434.30904573729117,385.20060773286576,852.2877207098397,380.97837275685185,434.6019759150529,414.1991282453153,852.5806508876015,409.9768932693014,汉口银行城北支行 154370929853957
1124.0313651248064,255.22706373753306,1690.0024896091663,249.50987475087317,1124.344497383793,286.22548221635844,1690.315621868153,280.50829322969855,37310/+60035++1>523407505-*
1124.364699465018,288.2253801827343,1690.3358239493778,282.5081911960744,1124.6778317240046,319.22379866155967,1690.6489562083646,313.5066096748997,289+769396035></1-743778328
1124.6980338052294,321.2236966279355,1690.6691582895894,315.50650764127556,1125.0111660642162,352.22211510676084,1690.9822905485762,346.5049261201009,8752738*6298-76*638/10<7*/6
1125.031368145441,354.22201307313674,1691.002492629801,348.5048240864768,1125.344500404428,385.22043155196206,1691.3156248887876,379.5032425653021,>+<36652<5>><<478*<135323/<
184.1400352467349,468.73183656481774,548.1214651271359,465.0550577818774,184.43296542449662,497.73035707726723,548.4143953048977,494.05357829432694,因此看到实现新闻人员公司手机
595.1190673369679,464.58030887309116,665.115496160122,463.873236030218,595.4119975147296,493.5788293855407,665.4084263378837,492.8717565426675,现在!
803.1084558400543,462.4792924256967,829.10712940294,462.2166653697724,803.401386017816,491.4778129381462,829.4000595807017,491.21518588222193,根
968.1000380660603,460.8126207246386,1012.0977933263285,460.36817493768973,968.392968243822,489.8111412370881,1012.3907235040903,489.3666954501393,260
1120.0922835106235,459.2772625515426,1171.089681653207,458.7621094803065,1120.3852136883852,488.27578306399215,1171.3826118309687,487.760629992756,5.66
1292.0835086189447,457.5398835661972,1411.0774376183067,456.3378597333129,1292.3764387967065,486.53840407864675,1411.3703677960684,485.33638024576237,1471.60
1454.0752438953868,455.9035149869765,1495.0731522060914,455.48937232186506,1454.3681740731486,484.902035499426,1495.3660823838532,484.4878928343146,17%
1651.0651935834062,453.9136099863192,1729.0612142720636,453.12572881854635,1651.358123761168,482.91213049876876,1729.3541444498253,482.12424933099584,250.17
184.44306646510904,498.7303060604552,340.4351078424238,497.15454372490933,184.73599664287076,527.7288265729047,340.7280380201855,526.1530642373589,社区一直注册
595.4220985553421,494.5787783687286,665.4185273784963,493.8717055258555,595.7150287331038,523.5772988811781,665.711457556258,522.870226038305,关于g
803.4114870584285,492.47776192133415,829.4101606213143,492.2151348654098,803.7044172361902,521.4762824337837,829.703090799076,521.2136553778594,已
968.4030692844344,490.811090220276,1012.4008245447027,490.36664443332717,968.6959994621961,519.8096107327256,1012.6937547224644,519.3651649457768,260
1107.3959779475547,489.4070455751422,1171.3927128715811,488.76057897594393,1107.6889081253164,518.4055660875918,1171.6856430493428,517.7590994883934,57.32
1279.387203055876,487.6696665897968,1411.3804688366808,486.3363292289503,1279.6801332336377,516.6681871022463,1411.6733990144426,515.3348497413998,14903.20
1454.3782751137612,485.90198448261395,1495.3761834244656,485.48784181750256,1454.671205291523,514.9005049950634,1495.6691136022273,514.486362329952,17%
1638.3688880203376,484.0433930099189,1729.3642454904377,483.1241983141838,1638.6618181980994,513.0419135223684,1729.6571756681994,512.1227188266333,2533.54
184.7460976834833,528.7287755560926,496.73018043811277,525.5772508850009,185.03902786124502,557.7272960685422,497.0231106158745,554.5757713974505,不断这样感觉继续回复点击
595.7251297737164,524.5772478643661,665.7215585968704,523.8701750214929,596.0180599514781,553.5757683768156,666.0144887746321,552.8686955339424,时候/
803.7145182768027,522.4762314169716,829.7131918396884,522.2136043610473,804.0074484545644,551.4747519294211,830.0061220174503,551.2121248734968,大
956.7067127045536,520.9307722032631,1012.703855763077,520.3651139289647,956.9996428823154,549.9292927157127,1012.9967859408387,549.3636344414142,1992
1094.699672384486,519.5368285987419,1171.6957440899555,518.7590484715814,1094.9926025622476,548.5353491111914,1171.9886742677172,547.7575689840309,539.02
1240.6922239299215,518.0620766693207,1411.683500055055,516.3347987245878,1240.9851541076832,547.0605971817703,1411.9764302328167,545.3333192370372,1073727.84
1454.6813063321354,515.9004539782514,1495.6792146428397,515.48631131314,1454.974236509897,544.898974490701,1495.9721448206014,544.4848318255895,17%
1612.673245675826,514.3044895614806,1729.667276708812,513.1226678098212,1612.9661758535876,543.3030100739302,1729.9602068865738,542.1211883222708,182533.73
185.04912890185744,558.72724505173,393.0385174049437,556.6262286043356,185.34205907961928,587.7257655641796,393.33144758270555,585.6247491167851,基本经验最新中心
596.0281609920905,554.5757173600035,666.0245898152446,553.8686445171304,596.3210911698523,583.5742378724531,666.3175199930063,582.8671650295798,都是!
804.0175494951769,552.474700912609,830.0162230580627,552.2120738566847,804.3104796729386,581.4732214250586,830.3091532358244,581.2105943691342,学
993.0079073176928,550.5656042368515,1013.0068869814511,550.3635834246021,993.3008374954545,579.5641247493011,1013.2998171592128,579.3621039370516,9
1108.002040384303,549.4039845664171,1171.9987753083296,548.7575179672189,1108.2949705620647,578.4025050788666,1172.2917054860914,577.7560384796684,57.32
1292.9926022740674,547.5352920531095,1411.9865312734291,546.3332682202252,1293.285532451829,576.5338125655591,1412.2794614511909,575.3317887326748,515.88
1454.9843375505095,545.8989234738889,1495.9822458612139,545.4847808087775,1455.2772677282712,574.8974439863384,1496.2751760389758,574.483301321227,17%
1677.9729608014145,543.6463914173073,1729.9703079271862,543.1211373054587,1678.2658909791764,572.6449119297569,1730.263238104948,572.1196578179082,87.70
1215.6532032626678,712.324907504313,1435.641979564009,710.1026785695689,1215.956234481042,742.3233769999505,1435.9450107823832,740.1011480652063,￥1090618.52
1542.636520765116,709.0218672240342,1743.626266385887,706.9915580609271,1542.9395519834902,739.0203367196716,1743.9292976042611,736.9900275565645,￥185405.15
1412.3098726479222,776.3417364346706,1632.2986489492637,774.1195074999265,1412.6129038662966,806.3402059303081,1632.6016801676378,804.1179769955639,￥1276023.67
656.318138236021,780.9782761881368,1124.2942623679653,776.2509891814992,656.5706642513329,805.9770007678346,1124.546788383277,801.2497137611971,壹佰贰拾柒万陆仟零佰贰拾叁圆陆角柒分
438.95552441902896,845.1771399993066,708.941749879766,842.4498590339388,439.25855563740316,875.1756094949442,709.2447810981403,872.4483285295763,黄石金承信息有限公司
473.2770231470172,876.8320720804959,773.2617181033918,873.8017598967538,473.5800543653914,906.8305415761333,773.5647493217659,903.8002293923913,707I20135596536
423.7139187339578,920.3349303881998,1007.6841249157002,914.4359226705154,424.0169499523321,950.3333998838373,1007.9871561340744,944.4343921661529,澳门特别行政区秀芳县永川武汉街y座 551-9717921
424.06745515539444,955.3331447997768,1000.0380694716334,949.5149454069922,424.3704863737686,985.3316142954144,1000.3411006900077,979.5134149026297,招商银行北京东三环支行 558704235220563555
309.52786891634537,1001.4924687136676,390.52373655456654,1000.6742844240572,309.8309001347196,1031.490938209305,390.8267677729408,1030.6727539196945,王建国
726.506594905706,997.2803347782661,807.5024625439271,996.4621504886559,726.8096261240803,1027.2788042739035,807.8054937623014,1026.4606199842933,王秀珍
1103.4873615675501,993.4722424673637,1184.483229205771,992.6540581777533,1103.7903927859243,1023.4707119630011,1184.7862604241454,1022.6525276733908,钱兵
298.6167698910648,148.73675465776216,577.0804232788087,119.44522444934807,303.63817506965006,196.473380952804,582.1018284573939,167.18185074438992,7041095493
1550.6543109655004,45.189684490221794,1684.9135724203052,31.06698242545076,1553.0604009469057,68.06348458992932,1687.3196624017107,53.94078252515823,7041095493
1315.6367804036531,47.78974768393084,1539.4022161616617,24.2519109093123,1320.5535729743513,94.53186093115931,1544.3190087323596,70.99402415654083,91766204
1539.5026691322387,82.56134332981105,1660.83326096547,69.79860516757344,1542.43182215308,110.40770866858543,1663.7624139863112,97.64497050634782,91766204
1459.6766274230258,136.20650215182417,1638.6889760294325,117.37623273212938,1462.6057804438672,164.05286749059854,1641.618129050274,145.22259807090376,1970年10月10日
408.000726238605,309.17412590822687,614.8594401837862,287.4147034676907,411.0344918673336,338.0150042948146,617.8932058125148,316.25558185427843,时刻信息有限公司
436.7342189257654,343.35579348014176,718.1814114569495,313.75042544806604,439.8725971623812,373.1911849145429,721.3197896935652,343.58581688246716,309195901030410
413.9092587655763,394.021572796025,804.7528865562311,352.908817896358,416.419961354869,417.8898859435459,807.2635891455237,376.7771310438789,甘肃省雷市璧山关岭路a座 019-7254019
421.2865274402785,435.47728298052493,836.9929814262676,391.7492128836782,424.3202930690071,464.31816136711274,840.0267470549962,420.59009127026593,招商银行上海分行 245608265444430
1095.627692709193,240.8648660494298,1658.5220777715613,181.65412998527836,1098.8706835536962,271.6947705316443,1661.7650686160641,212.48403446749285,-//253<28<<84362*7+<0200+/4
1099.0799087694704,273.683796627271,1661.9742938318386,214.4730605631196,1102.3228996139735,304.5137011094855,1665.2172846763415,245.30296504533408,77*233/9447-3>5603<7*696555
1102.532124829748,306.50272720511225,1665.426509892116,247.29199114096082,1105.7751156742509,337.33263168732674,1668.6695007366188,278.1218956231753,-520*4/++0>0-857/8<6/0><+24
1105.9843408900254,339.3216577829535,1668.8787259523933,280.11092171880205,1109.2273317345282,370.15156226516797,1672.1217167968962,310.94082620101653,8+-9-83/9/5-6895-/>199-0/**
180.13737367798512,542.2906044330936,542.1401230820521,504.21161516215517,183.1711393067137,571.1314828196813,545.1738887107807,533.052493548743,只是包括看到通过已经那么上海
588.8822363292805,499.2948225914571,658.4981496762166,491.97194003935357,591.9160019580091,528.1357009780448,661.5319153049452,520.8128184259414,表示#
795.7409502744617,477.5354001509209,821.5982895176094,474.8154723458539,798.7747159031903,506.37627853750865,824.632055146338,503.65635073244164,么
947.9014465899076,461.5296711441803,1003.5941772674563,455.6713651024975,950.9352122186361,490.3705495307681,1006.6279428961849,484.5122434890852,1662
1111.0015864313004,444.3732034506806,1161.7217518697823,439.03796044843375,1114.035352060029,473.2140818372684,1164.755517498511,467.8788388350215,7.64
1256.2004914120525,429.0997626991504,1400.4048833449913,413.93093455550735,1259.2342570407811,457.94064108573815,1403.4386489737199,442.77181294209515,12697.68
1443.1689444009662,409.43259241635803,1483.9439793613146,405.1434754929831,1446.2027100296948,438.2734708029458,1486.977744990043,433.9843538795709,14%
1626.1593451986266,390.1838725651145,1716.6600325496433,380.6641252473799,1629.1931108273552,419.02475095170223,1719.693798178372,409.50500363396765,1777.68
183.27575191460085,572.1259958674947,390.13446585978204,550.3665734269584,186.30951754332943,600.9668742540824,393.1682314885106,579.2074518135462,就是语言地址最大
592.0206145658963,529.1302140258582,661.6365279128323,521.8073314737547,595.054380194625,557.971092412446,664.670293541561,550.6482098603425,社会l
798.8793285110776,507.370791585322,824.7366677542252,504.650863780255,801.9130941398062,536.2116699719098,827.7704333829538,533.4917421668428,意
986.8422945478046,487.59900869464246,1006.732555504072,485.5067565368986,989.8760601765332,516.4398870812303,1009.7663211328007,514.3476349234863,8
1101.2112950463422,475.56855878761525,1164.8601301063982,468.87335188283487,1104.2450606750708,504.409437174203,1167.8938957351265,497.7142302694226,806.8
1285.196208891816,456.2152263284845,1403.543261581607,443.7663259899085,1288.2299745205446,485.05610471507225,1406.5770272103357,472.60720437649627,6454.40
1446.307322637582,439.26798385075915,1487.0823575979302,434.9788669273843,1449.3410882663106,468.1088622373469,1490.1161232266588,463.819745313972,14%
1642.226393056816,418.65930009698207,1719.798410786259,410.499516681781,1645.2601586855449,447.50017848356987,1722.8321764149878,439.34039506836876,903.62
186.41413015121668,601.9613873018958,548.4168795552837,563.8823980309575,189.44789577994527,630.8022656884835,551.4506451840123,592.7232764175452,工程会员客户建设谢谢开始当然
595.1589928025121,558.9656054602593,664.7749061494482,551.6427229081559,598.1927584312407,587.8064838468471,667.8086717781767,580.4836012947436,决定g
802.0177067476934,537.2061830197232,827.875045990841,534.4862552146561,805.051472376422,566.047061406311,830.9088116195696,563.3271336012439,一
954.1782030631391,521.2004540129826,1009.8709337406879,515.3421479712997,957.2119686918677,550.0413323995704,1012.9046993694164,544.1830263578875,1662
1104.349673282958,505.4039502220164,1167.9985083430138,498.708743317236,1107.3834389116867,534.2448286086042,1171.0322739717424,527.5496217038237,49.56
1262.4772478852842,488.77054556795264,1406.681639818223,473.60171742430964,1265.5110135140126,517.6114239545404,1409.7154054469515,502.4425958108974,82368.72
1449.4457008741979,469.1033752851603,1490.220735834546,464.8142583617854,1452.4794665029265,497.9442536717481,1493.2545014632747,493.65513674837314,14%
1619.5074320502845,451.21461933645026,1722.936789022875,440.33490811618213,1622.5411976790128,480.055497723038,1725.9705546516034,469.17578650276994,11531.62
189.55250838783252,631.7967787362969,344.69654384671844,615.4772119058948,192.5862740165611,660.6376571228847,347.73030947544703,644.3180902924826,文件运行科技
598.2973710391279,588.8009968946604,667.9132843860639,581.478114342557,601.3311366678565,617.6418752812483,670.9470500147925,610.3189927291447,各种~
805.1560849843091,567.0415744541243,831.0134242274568,564.3216466490572,808.1898506130377,595.8824528407121,834.0471898561854,593.162525035645,全
957.316581299755,551.0358454473837,1013.0093119773037,545.1775394057009,960.3503469284835,579.8767238339715,1016.0430776060323,574.0184177922887,1662
1107.488051519574,535.2393416564175,1171.1368865796296,528.5441347516371,1110.5218171483025,564.0802200430053,1174.1706522083582,557.3850131382248,806.8
1252.686956500326,519.9659009048873,1409.8200180548388,503.43710885871076,1255.7207221290546,548.8067792914751,1412.8537836835674,532.2779872452985,1340901.60
1452.5840791108137,498.93876671956144,1493.359114071162,494.6496497961865,1455.6178447395423,527.7796451061492,1496.3928796998905,523.4905281827743,14%
1609.7171406653265,482.4099746733849,1726.0751672594906,470.1702995505833,1612.7509062940549,511.25085305997266,1729.1089328882194,499.01117793717106,187726.22
1230.062902281291,687.2505450617679,1448.8557728002327,664.2357713265853,1233.2012805179068,717.085936496169,1451.9941510368485,694.0711627609865,￥1442422.40
1555.2686689162633,653.0422222826556,1755.1657915267508,632.0150880973298,1558.407047152879,682.8776137170568,1758.3041697633666,661.8504795317309,￥201939.14
1431.8918917732665,732.3843350715605,1650.6847622922082,709.369561336378,1435.0302700098823,762.2197265059616,1653.8231405288238,739.2049527707791,￥1644361.54
679.7261898026964,808.4879274908385,1145.158296179354,759.5292269996321,682.3415049998762,833.3507536861728,1147.7736113765338,784.3920531949664,壹佰陆拾肆万肆仟叁佰陆拾壹圆伍角肆分
469.40832706838745,892.9532849746756,684.2231453960756,870.3569616710419,472.5467053050033,922.7886764090767,687.3615236326914,900.1923531054431,时刻传媒有限公司
506.56937414643227,921.220873836539,804.9232884904436,889.837091470381,509.70775238304805,951.0562652709401,808.0616667270593,919.6724829047821,645I7132II8234I
461.34206389491305,969.2155652868736,934.7302746540777,919.4199639325695,464.48044213152883,999.0509567212747,937.8686528906934,949.2553553669707,天津市玉兰县朝阳辛集路Z座 512-6420177
465.0035051709648,1004.0235219603416,1022.9253249942659,945.335848935626,468.1418834075806,1033.8589133947426,1026.0637032308816,975.1712403700271,EBA银行北京东三环支行 527940949131447
355.3420720273508,1060.8070590189704,435.89762890023394,1052.333437780108,358.48045026396653,1090.6424504533716,439.03600713684966,1082.168829214509,袁建华
770.0540129655265,1017.1836015300108,850.6095698384096,1008.7099802911482,773.1923912021423,1047.018992964412,853.7479480750254,1038.5453717255493,薛秀梅
1144.9854319911674,977.744648356539,1225.5409888640504,969.2710271176763,1148.1238102277832,1007.5800397909402,1228.6793671006662,999.1064185520775,苏龙
399.12381960300877,18.214861178669707,677.4266116763356,48.99725751473494,393.84683737396904,65.92391124838286,672.1496294472959,96.7063075844481,0128192793
1644.432390126897,184.12617537920926,1778.6140934479654,198.9676878983836,1641.9038361421487,206.98676187094685,1776.0855394632172,221.82827439012118,0128192793
1414.2693878920218,136.53423906402196,1637.9055600938023,161.2700932626458,1409.1023427927537,183.24935059061607,1632.7385149945342,207.9852047892399,71255695
1625.5655753083317,218.25890598491924,1746.8260775688527,231.67123581706198,1622.4873356747253,246.08918519225188,1743.7478379352463,259.5015150243946,71255695
1536.13362830349,253.64148439468408,1715.0425660649144,273.4301677535832,1533.0553886698835,281.47176360201684,1711.9643264313077,301.2604469609159,2005年01月21日
471.76691637900495,198.2925679910157,730.1909375899513,226.87622173164766,468.5787396156268,227.11678574146742,727.0027608265731,255.7004394820994,信诚致远传媒有限公司
492.54770615542907,237.81672233071112,773.8323138581129,268.92893005609136,489.2495922622792,267.6348786242819,770.5341999649631,298.74708634966214,688963119326560
459.44044471905664,282.4475327668178,850.0582921648332,325.6528247670808,456.8019536045368,306.3020578016744,847.4198010503134,349.5073498019374,台湾省贵阳市黄浦王街L座 661-8708631
457.80490089800395,324.5227629671318,992.543837096039,383.66893878428573,454.61672413462577,353.3469807175835,989.3556603326608,412.4931565347374,招商银行北京东三环支行 331874367622960435
1158.1387011551642,278.23487883570994,1720.7079165605319,340.45929428647037,1154.7306501322428,309.0469736723997,1717.2998655376105,371.27138912316013,66326899045>+43+9/9-8<04610
1154.5107758726992,311.03485075863773,1717.0799912780672,373.2592662093982,1151.1027248497778,341.8469455953275,1713.6719402551457,404.071361046088,+94<04*95>439>*900+3*975498
1150.8828505902345,343.8348226815656,1713.4520659956024,406.059238132326,1147.474799567313,374.64691751825535,1710.0440149726808,436.8713329690158,<-+8928194937459*1937>*+780
1147.2549253077696,376.6347946044933,1709.8241407131375,438.8592100552538,1143.8468742848481,407.4468894411831,1706.4160896902158,469.6713048919436,04496341+024546>84/**43745<
199.42141906362428,377.4375653870857,509.53024451675986,411.73794987584415,196.23324230024605,406.26178313753746,506.3420677533817,440.56216762629583,精华一样没有查看市场只要
607.9301602855433,422.6217257232386,677.5058583038749,430.317324807255,604.7419835221651,451.44594347369036,674.3176815404968,459.14154255770666,是否-
814.6693772543003,445.48864871574426,840.511779375395,448.34701408980743,811.4812004909221,474.31286646619594,837.3236026120168,477.17123184025917,虽
1002.523761903796,466.2667662425883,1022.4025327661764,468.4655088380215,999.3355851404177,495.09098399303997,1019.2143560027982,497.28972658847323,8
1116.8266943624837,478.90953616632936,1180.4387611221014,485.9455124717157,1113.6385175991056,507.7337539167811,1177.250584358723,514.7697302221674,54.01
1300.7053248395032,499.2479051740868,1418.9840114706672,512.3304236169145,1297.517148076125,528.0721229245385,1415.795834707289,541.1546413673661,432.08
1461.7233688247852,517.0577201970959,1502.4748490926652,521.5651425177341,1458.535192061407,545.8819379475476,1499.2866723292868,550.3893602681858,16%
1670.4504628797804,540.1445174491448,1735.056468182517,547.2904308843029,1667.2622861164023,568.9687351995966,1731.8682914191386,576.1146486347545,69.13
196.1233051704744,407.25572168065645,557.9169348657992,447.27283691754127,192.93512840709627,436.0799394311082,554.7287581024211,476.097054667993,作者电影语言规定客户标准那些
604.6320463923934,452.43988201680935,674.2077444107251,460.1354811008257,601.4438696290151,481.2640997672611,671.0195676473469,488.9596988512774,可能h
811.3712633611505,475.306805009315,837.2136654822451,478.16517038337815,808.1830865977723,504.13102275976667,834.0254887188669,506.9893881338299,搜
999.2256480106461,496.084922536159,1019.1044188730266,498.2836651315922,996.037471247268,524.9091402866108,1015.9162421096484,527.1078828820439,8
1126.4497815298812,510.15687514693167,1177.1406472289514,515.7636687652864,1123.261604766503,538.9810928973834,1173.9524704655732,544.5878865157381,4.06
1310.3284120069006,530.4952441546891,1415.6858975775172,542.1485799104852,1307.1402352435225,559.3194619051408,1412.497720814139,570.972797660937,32.48
1458.4252549316352,546.8758764906667,1499.1767351995154,551.3832988113048,1455.237078168257,575.7000942411183,1495.9885584361373,580.2075165617565,16%
1692.994751107725,572.8210391167788,1731.7583542893672,577.1085871778736,1689.806574344347,601.6452568672305,1728.570177525989,605.9328049283253,5.20
192.82519127732462,437.0738779742272,554.6188209726495,477.090993211112,189.63701451394638,465.8980957246789,551.4306442092712,505.91521096156373,自己音乐不会名称注册系列所有
601.3339324992435,482.25803831038013,670.9096305175752,489.9536373943964,598.1457557358654,511.0822560608318,667.721453754197,518.7778551448481,软件/
808.0731494680006,505.1249613028857,833.9155515890952,507.9833266769489,804.8849727046224,533.9491790533374,830.7273748257171,536.8075444274006,现
984.0002716000679,524.5838332724697,1015.8063049798767,528.1018214251629,980.8120948366898,553.4080510229215,1012.6181282164986,556.9260391756147,10
1110.230466576184,538.5458487534709,1173.8425333358016,545.5818250588571,1107.0422898128058,567.3700665039225,1170.6543565724235,574.4060428093089,54.01
1307.0302981137509,560.3134004482598,1412.3877836843674,571.9667362040559,1303.8421213503727,589.1376181987115,1409.1996069209893,600.7909539545077,540.10
1455.1271410384854,576.6940327842374,1495.8786213063654,581.2014551048755,1451.9389642751073,605.5182505346891,1492.6904445429873,610.0256728553272,16%
1663.8542350934808,599.7808300362863,1728.4602403962172,606.9267434714443,1660.6660583301025,628.605047786738,1725.272063632839,635.750961221896,86.42
189.52707738417473,466.89203426779795,551.3207070794996,506.9091495046827,186.3389006207965,495.71625201824963,548.1325303161213,535.7333672551345,以后情况当前这么合作朋友他的
598.0358186060937,512.0761946039509,667.6115166244253,519.7717936879671,594.8476418427156,540.9004123544025,664.4233398610472,548.5960114384188,主题+
804.7750355748508,534.9431175964564,830.6174376959455,537.8014829705196,801.5868588114726,563.7673353469081,827.4292609325672,566.6257007209714,能
980.7021577069181,554.4019895660406,1012.5081910867269,557.9199777187337,977.5139809435399,583.2262073164923,1009.3200143233487,586.7441954691855,10
1119.8535537435814,569.7931877340732,1170.5444194426518,575.3999813524279,1116.6653769802033,598.6174054845249,1167.3562426792735,604.2241991028797,4.06
1316.6533852811483,591.5607394288621,1409.0896697912176,601.7848924976266,1313.4652085177702,620.3849571793139,1405.9014930278395,630.6091102480784,40.60
1451.8290271453357,606.5121890778081,1492.5805074132156,611.0196113984463,1448.6408503819575,635.3364068282598,1489.3923306498373,639.843829148898,16%
1686.3985233214253,632.4573517039203,1725.1621265030674,636.744899765015,1683.2103465580471,661.281569454372,1721.973949739689,665.5691175154668,6.50
1194.2601489710983,743.0232618743577,1356.2721314994992,760.9430140271386,1190.9620350779485,772.8414181679284,1352.9740176063494,790.7611703207092,￥1045.26
1519.2780525710193,778.972703309691,1662.4052027801588,794.8036499968102,1515.9799386778695,808.7908596032618,1659.107088887009,824.6218062903811,￥167.24
1381.8162528574974,830.170883155459,1543.8282353858986,848.0906353082398,1378.5181389643476,859.9890394490296,1540.5301214927485,877.9087916018104,￥1212.50
630.7285256488299,744.0765974187257,889.1525468597763,772.6602511593577,627.9800974045384,768.9250609967014,886.4041186154848,797.5087147373333,壹仟贰佰壹拾贰圆伍角
407.2338212030396,781.7344928018831,675.5972278451761,811.4175178402317,403.9357073098897,811.5526490954537,672.2991139520263,841.2356741338024,立信电子信息有限公司
437.5097435163933,817.2783885939283,735.6913064521005,850.2595275254267,434.2116296232434,847.096544887499,732.3931925589507,880.0776838189975,837543919891077
383.0855197802606,854.5208894594632,883.0366069691298,909.819265734609,379.7874058871107,884.339045753034,879.73849307598,939.6374220281798,重庆市辽阳市门头沟大冶街K座 747-6134619
379.23772023825245,889.3087384686291,924.9099804105969,949.6642227132713,375.93960634510256,919.1268947621999,921.611866517447,979.482379006842,汉口银行龙阳大道支行 567296490979762443
259.9876169398399,921.3932029852442,313.6602982682672,927.3298079929139,256.68950304669,951.2113592788148,310.3621843751173,957.1479642864846,赵兵
674.459989420473,967.236986100027,728.1326707489004,973.1735911076967,671.1618755273232,997.0551423935977,724.8345568557505,1002.9917474012675,姜伟
1049.1748201763453,1008.6832840239434,1102.8475015047725,1014.6198890316132,1045.8767062831953,1038.5014403175142,1099.5493876116227,1044.4380453251838,张小红
373.76727735613144,45.21340658806696,653.2390751790228,62.40393367832593,370.82032985494425,93.12285764341976,650.2921276778357,110.31338473367873,4702510219
1625.678860595504,150.27237931808907,1760.4241916886838,158.56066916517824,1624.2667815845184,173.22899128211236,1759.0121126776983,181.51728112920148,4702510219
1393.4709709720366,113.94751184943124,1618.046522794003,127.76132826124643,1390.5854182104574,160.8588493411309,1615.1609700324238,174.6726657529461,46016911
1608.4969465148158,185.28354651548273,1730.2668012805043,192.77370474766695,1606.77789380579,213.23072629777187,1728.5477485714782,220.7208845299561,46016911
1520.894530321932,224.9801040131902,1700.5549717795052,236.03115714264243,1519.1754776129064,252.92728379547935,1698.8359190704793,263.97833692493157,1986年04月24日
455.09522473924477,221.53914201670358,714.6047512890725,237.5017743148012,453.3147772906108,250.48443536264585,712.8243038404385,266.44706766074347,华泰通安传媒有限公司
477.77645846507585,260.004212362073,760.2425969789268,277.3789236711562,475.9346162768338,289.94761927166854,758.4007547906848,307.3223305807517,398772470206623
446.8823311815994,306.1946107084,964.9032707176017,338.0584805649871,445.4088574310058,330.14933623607635,963.4297969670081,362.0132060926635,新疆维吾尔自治区秀华市安次关岭路s座 904-2047102
447.29809280902015,348.2995646006579,906.4303320894846,376.541144820369,445.5176453603862,377.2448579466002,904.6498846408506,405.48643816631136,汉口银行城北支行 720519561214683881
1144.5461182651622,267.9553613404911,1709.4783952928642,302.70478395865734,1142.6428813373122,298.8968818137398,1707.575158365014,333.64630443190606,-58<3<8/9399/+18*43/>72*+1-
1142.520091858096,300.8931089410461,1707.452368885798,335.64253155921244,1140.616854930246,331.8346294142948,1705.5491319579478,366.58405203246116,>8>*8/+2+749->*93/65-*>5>-*
1140.4940654510299,333.8308565416012,1705.4263424787316,368.5802791597675,1138.5908285231797,364.7723770148499,1703.5231055508816,399.52179963301614,7519-62-940*+<*3+68+876<019
1138.4680390439635,366.7686041421563,1703.4003160716654,401.5180267603225,1136.5648021161135,397.71012461540494,1701.4970791438154,432.45954723357124,21/--47+7*68<4*0+2481<5/41+
191.79861442381764,413.7366836149407,555.1119515935764,436.0843688322774,190.0181669751836,442.68197696088305,553.3315041449425,465.0296621782197,研究管理空间空间直接在线不会
602.023289085276,438.96992159385655,671.8912385409989,443.26755336642134,600.2428416366421,467.9152149397989,670.1107910923649,472.2128467123636,更新g
809.6309103251382,451.7400274323346,835.5818629801211,453.3362906621444,807.8504628765043,480.68532077827695,833.801415531487,482.2815840080867,然
998.2743738555899,463.34363321825947,1018.2366451286535,464.5715280104208,996.4939264069559,492.28892656420174,1016.4561976800196,493.5168213563631,3
1100.0819573482147,469.60589665828235,1176.9367017495097,474.33329160810354,1098.3015098995807,498.5511900042247,1175.1562543008758,503.27858495404587,728.91
1284.7329666240535,480.96392348577484,1416.4839570262739,489.0680291140398,1282.9525191754196,509.9092168317172,1414.7035095776398,518.0133224599821,2186.73
1459.4028402633608,491.7080029171867,1500.3254963731413,494.22518724111745,1457.6223928147267,520.653296263129,1498.5450489245072,523.1704805870598,6%
1669.0066886305292,504.6008982348809,1733.8840702679863,508.5915563094053,1667.2262411818951,533.5461915808232,1732.103622819352,537.5368496553476,131.20
189.9567722355756,443.68009052453624,397.5643934754378,456.45019636301436,188.17632478694156,472.6253838704786,395.78394602680373,485.3954897089567,为了系列电话比较
600.181446897034,468.9133285034521,670.0493963527568,473.2109602760168,598.4009994484001,497.8586218493944,668.2689489041229,502.15625362195914,首页g
807.7890681368962,481.68343434193014,833.7400207918789,483.2796975717399,806.0086206882622,510.62872768787247,831.959573343245,512.2249909176822,据
996.4325316673479,493.28704012785494,1016.3948029404115,494.5149349200163,994.6520842187139,522.2323334737972,1014.6143554917776,523.4602282659587,3
1098.2401151599727,499.54930356787787,1175.0948595612676,504.27669851769906,1096.4596677113386,528.4945969138201,1173.3144121126338,533.2219918636414,728.91
1282.8911244358114,510.90733039537037,1414.6421148380318,519.0114360236353,1281.1106769871776,539.8526237413126,1412.8616673893978,547.9567293695776,2186.73
1457.5609980751187,521.6514098267822,1498.4836541848993,524.168594150713,1455.7805506264847,550.5967031727246,1496.7032067362652,553.1138874966553,6%
1667.1648464422872,534.5443051444764,1732.0422280797443,538.5349632190008,1665.3843989936531,563.4895984904188,1730.26178063111,567.4802565649431,131.20
188.1149300473336,473.62349743413176,447.62445659716127,489.5861297322294,186.33448259869954,502.5687907800741,445.84400914852733,518.5314230781717,这个一下有些类别来源
598.339604708792,498.8567354130476,668.2075541645148,503.15436718561233,596.559157260158,527.8020287589899,666.4271067158809,532.0996605315546,历史g
805.9472259486541,511.62684125152566,831.8981786036369,513.2231044813354,804.1667785000202,540.572134597468,830.117731155003,542.1683978272778,能
982.6133267152676,522.4937101621537,1014.5529607521695,524.4583418296118,980.8328792666337,551.439003508096,1012.7725133035356,553.4036351755541,71
1096.3982729717306,529.4927104774733,1173.2530173730256,534.2201054272946,1094.6178255230966,558.4380038234157,1171.4725699243918,563.1653987732369,728.91
1268.073805920078,540.052605690061,1412.8002726497898,548.9548429332308,1266.2933584714442,568.9978990360033,1411.0198252011558,577.9001362791731,51752.61
1455.7191558868767,551.5948167363778,1496.6418119966572,554.1120010603084,1453.9387084382427,580.54011008232,1494.8613645480232,583.0572944062508,6%
1639.3720515990624,562.8914488242622,1730.2003858915023,568.4783701285963,1637.5916041504283,591.8367421702045,1728.419938442868,597.4236634745387,3105.16
186.27308785909156,503.5669043437273,445.78261440891924,519.5295366418248,184.4926404104575,532.5121976896696,444.0021669602853,548.4748299877672,资料成为参加成为各种
596.4977625205499,528.8001423226431,666.3657119762728,533.0977740952078,594.717315071916,557.7454356685854,664.5852645276389,562.0430674411501,进入*
804.1053837604121,541.5702481611212,830.0563364153949,543.166511390931,802.3249363117782,570.5155415070635,828.2758889667609,572.1118047368733,文
968.7941217631874,551.7003801964523,1012.7111185639275,554.4017487392073,967.0136743145534,580.6456735423947,1010.9306711152935,583.3470420851496,249
1094.5564307834884,559.4361173870689,1171.4111751847836,564.1635123368901,1092.7759833348546,588.3814107330112,1169.6307277361498,593.1088056828324,728.91
1253.2564874043446,569.1978809847516,1410.9584304615478,578.8982498428263,1251.4760399557108,598.1431743306939,1409.1779830129137,607.8435431887686,181498.59
1453.8773136986347,581.5382236459732,1494.7999698084152,584.055407969904,1452.0968662500006,610.4835169919155,1493.0195223597811,613.0007013158463,6%
1624.554733083329,592.0367241189527,1728.3585437032602,598.4217770381919,1622.774285634695,620.9820174648951,1726.578096254626,627.3670703841342,10889.92
1203.2632075624942,730.4327158395511,1403.884033856784,742.7730585007725,1201.4213653742522,760.3761227491465,1402.042191668542,772.7164654103681,￥237624.66
1529.6463428770853,750.5087956913892,1711.3030114619646,761.6826383000574,1527.8045006888433,780.4522026009846,1709.4611692737226,791.626045209653,￥14257.48
1394.8414132243859,808.3415800038424,1595.4622395186757,820.681922665064,1392.9995710361438,838.2849869134379,1593.6203973304337,850.6253295746594,￥251882.14
640.4517433214032,758.9328161691836,1055.6669858011276,784.4730278461399,638.9168748312015,783.8856552605132,1054.1321173109259,809.4258669374694,贰拾伍万壹仟捌佰捌拾贰圆壹角肆分
419.056512589309,807.4318038811223,688.5471747756686,824.0083835753005,417.214670401067,837.3752107907178,686.7053325874266,853.951790484896,通际名联传媒有限公司
451.0277420860591,841.4588590646985,810.3486250012052,863.5609653236029,449.1858998978171,871.402265974294,808.5067828129631,893.5043722331984,336469Y7Y447524Y12
398.482090100253,881.308005321382,873.5841463991684,910.5319013748222,396.640247912011,911.2514122309775,871.7423042109264,940.4753082844177,青海省淑兰市安次长沙街r座 883-5925502
396.33327421397064,916.2419800492435,848.4787185488628,944.053797091698,394.4914320257286,946.185386958839,846.6368763606208,973.9972040012935,招商银行城北支行 432965916982288
278.7874511114916,954.0966953587088,359.6346497673994,959.0696692669624,276.94560892324955,984.0401022683043,357.7928075791574,989.0130761765579,倪秀兰
695.0008071548691,979.6983017752731,775.8480058107768,984.6712756835266,693.1589649666271,1009.6417086848686,774.0061636225348,1014.6146825931221,李秀云
1071.2896206521193,1002.8441186075146,1152.136819308027,1007.8170925157681,1069.447778463877,1032.7875255171102,1150.294977119785,1037.7604994253636,马燕
