341.34169540404264,85.46252223703766,621.3371448802146,83.86619124492694,341.61535214554726,133.46174214723857,621.6108016217194,131.86541115512784,6811974694
1597.4809161535113,106.30138244861553,1732.4787221509514,105.53172286313355,1597.6120433421488,129.30100865558683,1732.609849339589,128.53134907010485,6811974694
1363.3592930847587,85.6358166046088,1588.3556364138256,84.35305062880559,1363.6272486441487,132.63505276668053,1588.6235919732158,131.35228679087732,05993223
1582.686402487702,142.38631511298644,1704.6844197594628,141.69077089499535,1582.846035586913,170.38586006060365,1704.8440528586739,169.69031584261256,05993223
1497.9443370918818,187.87018425854768,1677.9414117551355,186.8439714779051,1498.1039701910927,215.8697292061649,1678.1010448543464,214.8435164255223,1973年02月08日
434.31510237353814,255.9352344125778,694.3108768871265,254.45292706276075,434.48043665486387,284.9347631083242,694.4762111684522,283.45245575850714,图龙信息信息有限公司
459.525639815011,292.79210354049064,742.5210405355706,291.1786690020359,459.69667527845144,322.7916159843662,742.6920759990111,321.1781814459115,036936023521923
431.7997516088984,340.9509565499027,803.7937059129556,338.8301168032413,431.9365799796508,364.95056650500317,803.930534283708,362.8297267583418,河北省慧县普陀王街d座 666-8713310
435.03915250210264,382.9331704249844,853.0323592201024,380.55007630104774,435.20448678342837,411.93269912073083,853.1976935014281,409.5496049967942,汉口银行城北支行 713715249078784
1125.3266770592645,255.99565256384994,1691.3174785003837,252.7687834869405,1125.5034137048194,286.99514875585476,1691.4942151459388,283.7682796789453,*585+<*/68<>307<4508+2*52//
1125.514816069049,288.9951162521131,1691.5056175101681,285.76824717520367,1125.6915527146039,319.9946124441179,1691.6823541557233,316.7677433672084,/9801>>1->53/-87-50>+953>75
1125.7029550788334,321.99457994037624,1691.6937565199528,318.7677108634668,1125.8796917243885,352.994076132381,1691.870493165508,349.76720705547154,3+2<3-3*3-7386577<0-8-810>3
1125.8910940886178,354.99404362863936,1691.881895529737,351.7671745517299,1126.067830734173,385.9935398206442,1692.0586321752921,382.7666707437347,899<05-774217++545+4170068*
184.50502747296616,465.3628507342334,548.4991117919899,463.28762044448956,184.6703617542919,494.3623794299798,548.6644460733155,492.2871491402359,全国因为运行比较的是正在发现
595.4983479540615,463.01966488509953,665.4972103231046,462.62058213707184,595.6636822353873,492.0191935808459,665.6625446044303,491.6201108328182,产品~
803.4949675649323,461.83381900524586,829.4945450162911,461.68558827026413,803.660301846258,490.83334770099225,829.6598792976168,490.6851169660106,高
956.4924810286977,460.9615381416997,1012.4915709239322,460.64227194327754,956.6578153100235,489.9610668374461,1012.6569052052579,489.6418006390239,1019
1107.4900269962047,460.1006596423829,1171.4889868764726,459.73578398704325,1107.6553612775306,489.1001883381292,1171.6543211577984,488.73531268278964,15.21
1266.4874429487454,459.1941716861486,1411.4850864274772,458.36750027951985,1266.652777230071,488.1937003818949,1411.650420708803,487.3670289752662,15498.99
1454.4843875970323,458.1223494485885,1495.483721270329,457.8886009818866,1454.6497218783582,487.1218781443349,1495.6490555516548,486.888129677633,11%
1638.4813972528027,457.0733319394872,1729.4799183325586,456.5545243670513,1638.6467315341283,486.0728606352336,1729.6452526138842,485.55405306279766,1704.89
184.67606293640654,495.362363178109,548.6701472554303,493.28713288836514,184.84139721773238,524.3618918738554,548.835481536756,522.2866615841115,活动一些一起为了项目日本投资
595.669383417502,493.0191773289751,665.668245786545,492.62009458094747,595.8347176988277,522.0187060247215,665.8335800678708,521.6196232766938,密码#
803.6660030283726,491.83333144912143,829.6655804797315,491.68510071413976,803.8313373096984,520.8328601448678,829.8309147610572,520.6846294098862,程
980.6631264472386,490.8242222148229,1012.6626063873725,490.6417843871531,980.8284607285643,519.8237509105693,1012.8279406686983,519.6413130828995,82
1120.6608511853246,490.02605671876756,1171.6600223399132,489.7352964309188,1120.8261854666503,519.025585414514,1171.8253566212388,518.7348251266652,6.96
1292.6580558635446,489.04545339504244,1411.6561218909178,488.3670127233954,1292.8233901448702,518.0449820907888,1411.8214561722434,517.3665414191418,570.72
1454.655423060473,488.1218618924641,1495.6547567337693,487.8881134257622,1454.8207573417985,517.1213905882105,1495.8200910150952,516.8876421215086,11%
1664.652010167602,486.9246136483811,1729.6509537959987,486.55403681092685,1664.8173444489275,515.9241423441275,1729.8162880773248,515.5535655066732,62.78
184.84709839984703,525.3618756219846,392.8437180107177,524.1760297421309,185.01243268117275,554.361404317731,393.0090522920434,553.1755584378773,结果国际人员游戏
595.8404188809425,523.0186897728507,665.8392812499854,522.619607024823,596.0057531622681,552.0182184685971,666.0046155313112,551.6191357205694,发表g
803.837038491813,521.8328438929971,829.8366159431719,521.6846131580153,804.0023727731389,550.8323725887434,830.0019502244977,550.6841418537617,现
980.834161910679,520.8237346586985,1012.8336418508129,520.6412968310287,980.9994961920048,549.8232633544449,1012.9989761321388,549.6408255267751,78
1120.831886648765,520.0255691626431,1171.8310578033536,519.7348088747945,1120.9972209300909,549.0250978583896,1171.9963920846792,548.7343375705408,6.96
1292.829091326985,519.044965838918,1411.8271573543582,518.366525167271,1292.9944256083108,548.0444945346644,1411.992491635684,547.3660538630173,542.88
1454.8264585239133,518.1213743363397,1495.82579219721,517.8876258696378,1454.991792805239,547.1209030320861,1495.9911264785355,546.8871545653842,11%
1664.8230456310423,516.9241260922566,1729.8219892594393,516.5535492548024,1664.9883799123681,545.9236547880031,1729.987323540765,545.5530779505489,59.72
185.0181338632874,555.3613880658602,341.01559857144036,554.47200365597,185.18346814461313,584.3609167616065,341.1809328527661,583.4715323517163,都是不断说明
596.0114543443829,553.0182022167263,666.0103167134259,552.6191194686986,596.1767886257086,582.0177309124726,666.1756509947515,581.618648164445,内容g
804.0080739552535,551.8323563368726,830.0076514066124,551.6841256018909,804.1734082365792,580.831885032619,830.1729856879381,580.6836542976373,还
957.005587419019,550.9600754733265,1013.0046773142534,550.6408092749043,957.1709217003447,579.9596041690728,1013.1700115955791,579.6403379706506,1019
1121.0029221122054,550.0250816065187,1172.002093266794,549.73432131867,1121.1682563935312,579.0246103022652,1172.1674275481198,578.7338500144164,6.96
1280.000338064746,549.1185936502844,1411.9981928177986,548.3660376111466,1280.165672346072,578.1181223460309,1412.1635270991244,577.3655663068929,7092.24
1454.9974939873537,548.1208867802153,1495.99682766065,547.8871383135133,1455.1628282686793,577.1204154759616,1496.162161941976,576.8866670092598,11%
1651.9942923688031,546.9977539036231,1729.9930247228797,546.553061698678,1652.159626650129,575.9972825993696,1730.1583590042055,575.5525903944244,780.15
1214.9364045550274,713.4922063630399,1396.9334467145393,712.4545912181679,1215.107440018468,743.4917188069155,1397.1044821779797,742.4541036620435,￥23704.83
1541.9310901932713,711.6279198115392,1704.9284411383287,710.6986271268462,1542.1021256567117,741.6274322554148,1705.099476601769,740.6981395707218,￥2607.53
1411.3094972079168,778.3737020450887,1593.3065393674287,777.3360869002167,1411.4805326713572,808.3732144889643,1593.4775748308693,807.3355993440923,￥26312.36
655.3046800759082,779.6838444794,1019.2987643949319,777.6086141896561,655.4472096287752,804.6834381826296,1019.441293947799,802.6082078928857,贰万陆仟叁佰壹拾贰圆叁角陆分
437.6616962748559,842.9256945644099,707.6573082697362,841.3863753934461,437.8327317382963,872.9252070082855,707.8283437331766,871.3858878373217,华成育卓网络有限公司
471.843581538918,874.7313343126448,831.837730865425,872.6789087513596,472.0146170023584,904.7308467565204,832.0087663288654,902.6784211952352,337338G35GG1522G73
422.0895449633899,918.0156945879339,871.0822478733945,915.4558638184421,422.2605804268304,948.0152070318095,871.2532833368349,945.4553762623177,云南省海门市西夏蔡街t座 601-4138135
422.2890863374038,953.0151257724553,971.2801640603269,949.8851767914955,422.46012180084426,983.0146382163309,971.4511995237674,979.8846892353711,汉口银行龙阳大道支行 366270445255829235
307.5475084977081,998.6700303814571,361.5466308966842,998.3621665472642,307.7185439611485,1028.6695428253327,361.71766636012455,1028.3616789911398,李健
724.5407314675787,996.292637439635,778.5398538665547,995.9847736054422,724.711766931019,1026.2921498835105,778.7108893299951,1025.9842860493177,刘红
1101.5346045122817,994.1432917824003,1155.5337269112579,993.8354279482076,1101.705639975722,1024.142804226276,1155.7047623746982,1023.8349403920831,任玉梅
385.5827156094682,32.60930711770868,664.587254910599,56.19886093637598,381.5387920976967,80.43865671218816,660.5433313988274,104.02821053085552,2842941209
1634.7584079498165,166.32575960584376,1769.27845368429,177.69929448270125,1632.820694600426,189.2439896198652,1767.3407403348997,200.6175244967227,2842941209
1403.4437936196239,124.68984725515435,1627.6438698437469,143.64573871658342,1399.4841185143475,171.5227520664156,1623.6841947384705,190.47864352784472,46755511
1616.778793567713,200.9340457042748,1738.3450571203484,211.21235129669418,1614.4198381858462,228.83449963438784,1735.9861017384817,239.1128052268072,46755511
1528.2898087018693,238.61294639700395,1707.6498696811677,253.77765956614724,1525.9308533200028,266.51340032711704,1705.2909142993012,281.6781134962603,1993年08月26日
462.8491581548679,210.75221844560417,721.9248017916321,232.65680413436672,460.4059543665059,239.64911715893555,719.4815980032702,261.5537028476981,信诚致远网络有限公司
484.6430866950021,249.72688558706318,766.6369603457878,273.5691846252162,482.1156345001449,279.6202290836129,764.1095081509307,303.46252812176596,053633828310306
452.69870925311744,295.197279799676,948.9282112958429,337.15298623430573,450.6767474972317,319.1119545969158,946.906249539957,361.0676610315455,新疆维吾尔自治区俊市黄浦梧州街y座 142-5060555
452.14961052997234,337.3007059143313,894.5710942789082,374.70699839821805,449.7064067416104,366.1976046276627,892.1278904905462,403.6038971115495,EBA银行城北支行 581460246798529
1151.0555097327488,272.9536464666886,1715.04325703432,320.63824454299476,1148.4438091313964,303.84343474645664,1712.4315564329677,351.5280328227628,<1>807<-8>26*9827<5+>516+45
1148.275312318406,305.83632431289334,1712.2630596199772,353.5209223891994,1145.6636117170533,336.72611259266137,1709.6513590186246,384.41071066896745,+0600430+188/01+><*229+<3><
1145.495114904063,338.719002159098,1709.4828622056343,386.4036002354041,1142.8834143027104,369.6087904388661,1706.871161604282,417.2933885151722,925+-+*19<345173-<2++1802/-
1142.71491748972,371.6016800053027,1706.7026647912912,419.2862780816088,1140.1032168883676,402.49146828507077,1704.0909641899389,450.17606636137685,<--77*7615+1-4/349->01+/*/-
195.2178490160586,396.8663833247102,506.10862138017563,423.1518861512252,192.77464522769662,425.7632820380416,503.66541759181365,452.04878486455664,不过项目上海选择方法设计
604.7566549187898,431.492478394254,674.5077897440724,437.38986684892086,602.3134511304277,460.38937710758546,672.0645859557104,466.2867655622523,一定!
812.0171698282011,449.01614694526404,837.9247341918775,451.2066055141403,809.5739660398392,477.9130456585955,835.4815304035155,480.1035042274717,作
988.3878964578445,463.92811489492163,1020.2741295208308,466.6240639027693,985.9446926694825,492.825013608253,1017.8309257324688,495.5209626161007,74
1101.9826017447333,473.532433235379,1178.7088500525442,480.01956053551254,1099.5393979563714,502.42933194871046,1176.2656462641824,508.9164592488439,838.01
1273.3711044582851,488.0231591525604,1417.855598024942,500.2391780943703,1270.927900669923,516.9200578658917,1415.41239423658,529.1360768077017,62012.74
1460.7027237033299,503.8618595736656,1501.5569598152813,507.31604423997044,1458.259519914968,532.758758286997,1499.1137560269194,536.2129429533019,19%
1631.0947816336634,518.2683370843517,1734.7250390883692,527.0301713598567,1628.6515778453015,547.1652357976832,1732.281835300007,555.9270700731881,11782.42
192.69039682120138,426.75972682125996,399.9509117306128,444.28339537227,190.2471930328394,455.65662553459134,397.5077079422508,473.1802940856013,的是内容深圳必须
602.2292027239325,461.38582189080375,671.9803375492152,467.2832103454706,599.7859989355705,490.28272060413514,669.5371337608533,496.180109058802,工程*
809.4897176333438,478.9094904418138,835.3972819970203,481.09994901069,807.046513844982,507.80638915514515,832.9540782086583,509.99684772402145,己
973.9031068643674,492.81047751352844,1017.7466773259736,496.51740739931904,971.4599030760054,521.7073762268599,1015.3034735376116,525.4143061126505,819
1112.4089317317143,504.52100601636687,1176.181397857687,509.9129040320623,1109.9657279433525,533.4179047296983,1173.7381940693251,538.8098027453937,50.55
1270.8436522634279,517.9165026491102,1415.3281458300848,530.13252159092,1268.400448475066,546.8134013624415,1412.884942041723,559.0294203042514,41400.45
1458.1752715084726,533.7552030702153,1499.029507620424,537.2093877365202,1455.7320677201108,562.6521017835468,1496.5863038320622,566.1062864498516,19%
1641.5211116206444,549.2569098653396,1732.197586893512,556.9235148564064,1639.0779078322826,578.1538085786709,1729.7543831051498,585.8204135697379,7866.09
190.16294462634414,456.65307031780964,397.42345953575557,474.17673886881965,187.71974083798216,485.549969031141,394.9802557473936,503.07363758215104,以上全国是一重要
599.7017505290753,491.2791653873535,669.4528853543579,497.1765538420203,597.2585467407133,520.1760641006849,667.0096815659961,526.0734525553517,其他-
806.9622654384867,508.8028339383635,832.869829802163,510.99329250723974,804.5190616501247,537.699732651695,830.4266260138011,539.8901912205712,断
995.2903294667499,524.7257827659639,1015.2192251311164,526.4107508958688,992.8471256783879,553.6226814792954,1012.7760213427545,555.3076496092001,1
1096.927697355019,533.3191202284785,1173.65394566283,539.806247528612,1094.484493566657,562.2160189418099,1171.2107418744679,568.7031462419434,838.01
1294.2237644322472,550.0003047145361,1412.8006936352276,560.0258650874697,1291.780560643885,578.8972034278675,1410.3574898468657,588.9227638008011,838.01
1455.6478193136156,563.648546566765,1496.5020554255668,567.1027312330699,1453.2046155252535,592.5454452800965,1494.058851637205,595.9996299464013,19%
1651.9474416076255,580.2454826463274,1729.6701346986547,586.8168583529562,1649.5042378192634,609.1423813596588,1727.2269309102926,615.7137570662876,159.22
187.6354924314869,486.54641381435937,550.3413935229569,517.2128337786269,185.19228864312493,515.4433125276908,547.8981897345948,546.1097324919583,大小公司之间拥有不能首页一些
597.1742983342181,521.1725088839032,666.9254331595007,527.0698973385701,594.7310945458561,550.0694075972345,664.4822293711388,555.9667960519014,客户!
804.4348132436295,538.6961774349132,830.3423776073059,540.8866360037895,801.9916094552675,567.5930761482446,827.899173818944,569.7835347171209,也
992.7628772718926,554.6191262625136,1012.6917729362592,556.3040943924185,990.3196734835308,583.5160249758451,1010.2485691478972,585.2009931057498,1
1094.4002451601618,563.2124637250282,1171.1264934679728,569.6995910251617,1091.9570413717997,592.1093624383595,1168.6832896796107,598.5964897384931,838.01
1291.69631223739,579.8936482110857,1410.2732414403704,589.9192085840194,1289.2531084490279,608.7905469244172,1407.8300376520085,618.8161072973508,838.01
1453.1203671187584,593.5418900633148,1493.9746032307096,596.9960747296196,1450.6771633303963,622.4387887766461,1491.5313994423477,625.892973442951,19%
1649.4199894127682,610.1388261428772,1727.1426825037975,616.7102018495059,1646.9767856244061,639.0357248562085,1724.6994787154354,645.6071005628373,159.22
1199.1604356979228,736.6549685457669,1399.445837124806,753.5888982513103,1196.6329835030656,766.5483120423166,1396.9183849299488,783.48224174786,￥105089.21
1524.9978798103148,764.2041974697106,1706.3508303560498,779.5374074518443,1522.4704276154575,794.0975409662603,1703.8233781611925,809.430750948394,￥19966.95
1388.9032183800284,818.9330119112435,1589.1886198069117,835.8669416167868,1386.3757661851714,848.8263554077932,1586.6611676120544,865.7602851133365,￥125056.16
635.8437074864612,752.2518822511867,1050.364737305284,787.2992193532067,633.7374973240802,777.1630018316448,1048.258527142903,812.2103389336648,壹拾贰万伍仟零佰伍拾陆圆壹角陆分
413.39534354216175,795.6653061947603,628.6274167173196,813.8629619977323,410.8678913473045,825.55864969131,626.0999645224624,843.7563054942821,和泰网络有限公司
444.57851716373705,830.4159850785849,743.5119521292343,855.6905070271571,442.05106496887987,860.3093285751346,740.984499934377,885.5838505237068,80122924238947Q
391.1335965235255,869.0506904322108,838.537304188553,906.8782249485738,388.6061443286683,898.9440339287605,836.0098519936957,936.7715684451235,上海市秀荣县秀英刘路g座 599-4756771
388.18490229619215,903.9262578448521,920.2864165347771,948.9149069133105,385.6574501013349,933.8196013414018,917.7589643399199,978.8082504098602,EBA银行龙阳大道支行 600613265795305
269.80257393379907,939.077706342724,350.5146013744833,945.9018272688386,267.27512173894183,968.9710498392737,347.98714917962604,975.7951707653883,赖桂珍
685.3200485358401,974.2092918512394,739.1280668296297,978.7587058019824,682.7925963409829,1004.1026353477891,736.6006146347725,1008.6520492985321,王明
1060.9797318091482,1005.970941099945,1114.7877501029377,1010.5203550506881,1058.452279614291,1035.8642845964946,1112.2602979080805,1040.4136985472378,李欢
332.18539296709605,97.7590755223028,612.0950767668941,90.64789312433822,333.40445280674714,145.74359274512528,613.3141366065452,138.63241034716071,7161589514
1588.491378537415,93.85131143141302,1723.4478332266033,90.42270563239435,1589.0755113772475,116.84389260068218,1724.0319660664359,113.41528680166351,7161589514
1354.008121316315,77.80132442258497,1578.9355457982956,72.0869814242206,1355.2017840759734,124.78616420326534,1580.129208557954,119.07182120490097,13087595
1574.4105117850213,130.22065554842084,1696.3711597263618,127.1222117893077,1575.1216300248177,158.21162392840063,1697.0822779661582,155.1131801692875,13087595
1490.5807978026123,177.36489224419904,1670.522737388197,172.79341784550752,1491.291916042409,205.3558606241789,1671.2338556279933,200.78438622548737,2010年08月14日
428.4986183229295,266.3673867692768,688.4147532798847,259.76414597116684,429.23513364271867,295.3580325913987,689.151268599674,288.75479179328875,中建创业网络有限公司
454.43024633621394,302.7205251287175,737.3389624624383,295.53315149077474,455.19215873599586,332.7108483929816,738.1008748622203,325.5234747550388,810143755408423
427.65833779588525,351.4161605913365,841.5247988427293,340.901769474346,428.26786771571074,375.4084192027477,842.1343287625549,364.8940280857573,北京市丽华市大东东莞路o座 270-8200177
431.7240474820063,393.326421921328,953.5556722802011,380.0691461651227,432.4605628017955,422.3170677434499,954.2921875999903,409.0597919872446,EBA银行北京东三环支行 361239691546152
1119.3773191631162,252.81671426286846,1685.194751415565,238.441966986983,1120.1646286428909,283.8067149692747,1685.9820608953396,269.43196769338925,33++1>932<7<-8*/+01+*58</5>
1120.2154228028762,285.80606985355894,1686.032855055325,271.4313225776735,1121.0027322826509,316.7960705599652,1686.8201645350996,302.4213232840797,*-559-81*270451>4>-045-5*62
1121.0535264426364,318.7954254442494,1686.870958695085,304.4206781683639,1121.840835922411,349.78542615065567,1687.6582681748596,335.41067887477016,2>5/-/**5/+624-9->/8>73-59-
1121.8916300823964,351.7847810349399,1687.7090623348452,337.4100337590544,1122.678939562171,382.77478174134615,1688.4963718146198,368.40003446546064,>1830</8615>6>140+9+3>040*>
182.86217298374152,480.67496181301635,546.7447619234788,471.4304246956624,183.5986883035306,509.66560763513826,547.481277243268,500.42107051778436,根据数据品牌是否以上发现教育
593.7296017041592,470.2367619360041,663.7070226541086,468.45896633651296,594.4661170239483,499.227407758126,664.4435379738978,497.44961215863486,无法g
801.6625096697234,464.9541692975161,827.6541231654189,464.2938452177051,802.3990249895126,493.94481511963806,828.3906384852081,493.28449103982706,合
966.6092876231758,460.76365109871557,1010.5950950774297,459.64617957903545,967.345802942965,489.75429692083753,1011.3316103972189,488.63682540115735,493
1118.5602588287804,456.9032949398205,1169.5438083780293,455.6080438601913,1119.2967741485695,485.8939407619425,1170.2803236978184,484.5986896823132,8.43
1277.5089721293798,452.86515922097635,1409.4663944921417,449.5127446619359,1278.245487449169,481.8558050430983,1410.202909811931,478.5033904840579,4155.99
1452.4525245042537,448.42067022224853,1493.4392996320812,447.3793899425466,1453.1890398240428,477.41131604437044,1494.1758149518705,476.3700357646685,4%
1649.3889806062543,443.4174454636806,1727.363821093341,441.4364732242476,1650.1254959260436,472.4080912858026,1728.1003364131302,470.42711904636957,166.24
183.62408538352338,510.6652850772804,443.54022034047864,504.06204427917044,184.36060070331257,539.6559308994023,444.27673566026783,533.0526901012923,孩子位置这个经营产品
594.4915141039411,500.22708520026816,664.4689350538906,498.449289600777,595.2280294237303,529.2177310223901,665.2054503736797,527.439935422899,东西g
802.4244220695052,494.9444925617802,828.4160355652008,494.2841684819692,803.1609373892945,523.9351383839021,829.15255088499,523.2748143040911,关
967.3712000229576,490.75397436297965,1011.3570074772116,489.6365028432995,968.1077153427468,519.7446201851016,1012.0935227970008,518.6271486654215,810
1119.3221712285622,486.8936182040846,1170.305720777811,485.59836712445536,1120.0586865483515,515.8842640262066,1171.0422360976004,514.5890129465773,8.43
1291.2666912770096,482.52532044533496,1410.2283068919237,479.5030679262,1292.003206596799,511.51596626745686,1410.964822211713,508.49371374832197,6828.30
1453.2144369040357,478.4109934865126,1494.2012120318632,477.3697132068107,1453.9509522238247,507.40163930863457,1494.9377273516525,506.3603590289326,4%
1650.1508930060363,473.4077687279447,1728.1257334931229,471.42679648851174,1650.8874083258256,502.3984145500666,1728.8622488129122,500.41744231063365,273.13
184.38599778330524,540.6556083415445,496.28535973165157,532.7317193838126,185.12251310309443,569.6462541636664,497.02187505144076,561.7223652059345,还是完全本站项目事情还有
595.253426503723,530.2174084645322,665.2308474536725,528.4396128650411,595.9899418235123,559.2080542866541,665.9673627734617,557.430258687163,语言l
803.1863344692872,524.9348158260443,829.1779479649828,524.2744917462333,803.9228497890764,553.9254616481662,829.914463284772,553.2651375683552,开
992.1253710341508,520.1347677074182,1012.1189198769936,519.6268261075636,992.86188635394,549.1254135295401,1012.8554351967828,548.6174719296855,5
1094.0924701326487,517.5442655481597,1171.067633177593,515.5886903887194,1094.8289854524378,546.5349113702816,1171.8041484973824,544.5793362108413,715.58
1292.0286036767916,512.515643709599,1410.9902192917057,509.4933911904641,1292.7651189965807,541.506289531721,1411.726734611495,538.484037012586,3577.90
1453.9763493038174,508.4013167507767,1494.9631244316452,507.36003647107475,1454.7128646236067,537.3919625728986,1495.6996397514342,536.3506822931967,4%
1650.9128054058183,503.3980919922088,1728.8876458929049,501.41711975277576,1651.6493207256074,532.3887378143307,1729.624161212694,530.4077655748977,143.12
185.14791018308722,570.6459316058085,549.0304991228245,561.4013944884546,185.8844255028764,599.6365774279304,549.7670144426138,590.3920403105766,注意大小工具能够进入还是人民
596.0153389035049,560.2077317287963,665.9927598534543,558.4299361293051,596.7518542232941,589.1983775509182,666.7292751732436,587.420581951427,使用#
803.9482468690692,554.9251390903083,829.9398603647646,554.2648150104974,804.6847621888583,583.9157849124302,830.6763756845538,583.2554608326193,关
968.8950248225215,550.7346208915078,1012.8808322767754,549.6171493718276,969.6315401423107,579.7252667136297,1013.6173475965646,578.6077951939495,810
1120.8459960281261,546.8742647326128,1171.829545577375,545.5790136529835,1121.5825113479152,575.8649105547347,1172.5660608971643,574.5696594751054,8.43
1292.7905160765736,542.5059669738631,1411.7521316914876,539.4837144547281,1293.5270313963626,571.496612795985,1412.4886470112767,568.4743602768501,6828.30
1454.7382617035994,538.3916400150407,1495.7250368314271,537.3503597353388,1455.4747770233885,567.3822858371627,1496.4615521512162,566.3410055574607,4%
1651.6747178056003,533.3884152564729,1729.6495582926868,531.4074430170399,1652.4112331253893,562.3790610785948,1730.386073612476,560.3980888391618,273.13
1217.9811192661525,708.459436804599,1399.922413736021,703.8371682459222,1218.7430316659345,738.449760068863,1400.684326135803,733.8274915101862,￥21390.49
1544.8756428466309,700.1545916469762,1688.8291945150984,696.4974121280229,1545.6375552464128,730.1449149112402,1689.5911069148804,726.487735392287,￥855.62
1415.5941052055314,769.4603203074048,1597.5353996754002,764.8380517487278,1416.3560176053134,799.4506435716689,1598.297312075182,794.828375012992,￥22246.11
659.7617677060987,785.6614804554827,1023.644356645836,776.4169433381287,660.3966947059168,810.6534165090361,1024.2792836456542,801.4088793916821,贰万贰仟贰佰肆拾陆圆壹角壹分
443.40670427866235,853.1780453067104,713.319613657039,846.320833708673,444.1686166784442,883.1683685709745,714.0815260568208,876.3111569729372,艾提科信传媒有限公司
478.2084438712623,884.3042227355058,778.111676513903,876.6850987376868,478.97035627104424,914.29454599977,778.8735889136849,906.6754220019507,3138318N8478648
429.316646203843,928.5602067472541,905.1631086634995,916.4711966707144,430.07855860362486,958.5505300115183,905.9250210632814,946.4615199349785,山西省荆门市浔阳长春路v座 056-6707390
430.20554400358856,963.548917222229,952.0371688017833,950.2916414660236,430.9674564033704,993.5392404864931,952.7990812015653,980.2819647302877,EBA银行上海分行 133087996540952020
316.3855067569158,1011.455066317789,370.36808863259114,1010.0836239981816,317.14741915669765,1041.4453895820532,371.130001032373,1040.0739472624457,李畅
733.2510001301864,1000.8644839608205,787.2335820058616,999.493041641213,734.0129125299683,1030.8548072250846,787.9954944056436,1029.4833649054772,杨梅
1110.1293958177714,991.289784803561,1164.1119776934468,989.9183424839536,1110.8913082175534,1021.280108067825,1164.8738900932287,1019.9086657482176,任琳
295.6638538757593,153.65095957589472,573.9018208067184,122.28802351871872,301.04035719984665,201.34889676405913,579.2783241308057,169.98596070688313,9850619915
1546.896170571779,40.78958595537267,1681.0466189134913,25.668170356377118,1549.4724117479043,63.644847524701504,1683.6228600896166,48.52343192570595,9850619915
1311.9044960892709,45.13848511572297,1535.4885766587915,19.936125784063734,1317.1689889274396,91.84271527913398,1540.7530694969605,66.64035594747475,55399173
1536.0229426935432,78.24319613527331,1657.255199713461,64.57791685321808,1539.1592362992608,106.06699282836922,1660.3914933191786,92.401713546314,55399173
1456.598317455834,132.48090355224872,1635.4655819114505,112.31901608692135,1459.7346110615515,160.30470024534463,1638.601875517168,140.14281278001727,1981年09月04日
406.23869324513544,313.2698961042298,664.602519681026,284.14716976542354,409.48699733677154,342.0873998220791,667.8508237726621,312.96467348327286,东方峻景传媒有限公司
435.2257568429551,347.2367938721444,716.4448448481744,315.53782635721296,438.5860714205096,377.04800461474713,719.805159425729,345.34903709981575,849654091476501
412.77846347394643,398.0710246660264,845.0410192416864,349.3464632914852,415.46671513599006,421.9199932601086,847.7292709037301,373.19543188556736,陕西省嘉禾市龙潭兴安盟街Q座 026-2054837
420.4640249567831,439.4706882479148,913.3427092344821,383.9134872323459,423.7123290484192,468.2881919657641,916.5910133261182,412.7309909501953,EBA银行龙阳大道支行 237675432613629
1093.3382892934262,239.8454784335699,1655.776465303865,176.44754340370707,1096.8106143568994,270.6503962009261,1659.2487903673382,207.25246117106326,/0+2+76/49+-9-21/7-++7<22>9
1097.0346353287364,272.63781025043295,1659.4728113391752,209.23987522057013,1100.5069603922093,303.44272801778914,1662.9451364026481,240.04479298792631,/64<296253/8+-1*4*8436<-6>/
1100.7309813640463,305.430142067296,1663.1691573744852,242.03220703743318,1104.2033064275195,336.2350598346522,1666.641482437958,272.83712480478937,++7669818+006>13-*14771/32/
1104.4273273993563,338.22247388415906,1666.865503409795,274.8245388542962,1107.8996524628294,369.02739165151525,1670.337828473268,305.62945662165237,9>8/>057*-5416077>34-409<22
180.11641110307062,548.0755892184822,386.8074722517831,524.7774081474371,183.36471519470672,576.8930929363314,390.0557763434192,553.5949118652865,更新市场新闻您的
588.5299982767285,502.03927950598455,658.0894900094682,494.19854549169054,591.7783023683646,530.8567832238339,661.3377941011044,523.0160492095399,产品h
795.2210594254409,478.74109843493954,821.05744206903,475.8288258010589,798.469363517077,507.55860215278886,824.3057461606661,504.64632951890826,闻
959.1827185097561,460.25936825838943,1002.9058275989069,455.3309068779761,962.4310226013922,489.07687197623875,1006.154131690543,484.1484105958254,311
1097.3079949504822,444.6899107157199,1160.9052445347015,437.52123961693684,1100.5562990421183,473.50741443356924,1164.1535486263376,466.33874333478616,61.92
1255.307411886277,426.8802434546807,1399.3949304755236,410.6387229965003,1258.555715977913,455.69774717253006,1402.6432345671597,439.4562267143496,19257.12
1442.124332539921,405.8222721020054,1482.8663205548112,401.2298421793475,1445.3726366315568,434.6397758198548,1486.1146246464473,430.0473458971968,2%
1637.8846164163456,383.75620637606374,1715.3937643471127,375.0193884744219,1641.1329205079817,412.57371009391306,1718.642068438749,403.8368921922712,385.14
183.47672568062524,577.8867999610849,545.1860826908721,537.1149830867562,186.72502977226134,606.7043036789343,548.4343867825082,565.9324868046054,原因直接部门其中内容推荐所有
591.8903128542831,531.8504902485873,661.4498045870228,524.0097562342933,595.1386169459192,560.6679939664366,664.6981086786589,552.8272599521426,怎么~
798.5813740029955,508.55230917754227,824.4177566465846,505.64003654366167,801.8296780946316,537.3698128953916,827.6660607382207,534.457540261511,设
974.4675173843518,488.72645316997034,1006.2661421764615,485.1421176205788,977.7158214759879,517.5439568878197,1009.5144462680975,513.9596213384282,56
1113.5865008498313,473.04498514138237,1164.2655591122561,467.3324503595396,1116.8348049414674,501.8624888592317,1167.5138632038922,496.14995407738894,2.24
1284.5041091074204,453.77918156340286,1402.7552450530782,440.449933739103,1287.7524131990567,482.5966852812522,1406.0035491447143,469.2674374569524,125.44
1445.4846471174753,435.6334828446082,1486.2266351323658,431.04105292195027,1448.7329512091114,464.4509865624575,1489.474939224002,459.8585566397996,2%
1667.0813136374893,410.65514448478586,1718.7540789246673,404.83059921702466,1670.3296177291254,439.47264820263524,1722.0023830163036,433.648102934874,2.51
186.83704025817985,607.6980107036876,341.85533611971425,590.2243749004039,190.08534434981584,636.515514421537,345.10364021135024,619.0418786182532,什么可能以上
595.2506274318376,561.6617009911901,664.8101191645774,553.8209669768961,598.4989315234737,590.4792047090394,668.0584232562135,582.6384706947454,这个-
801.9416885805501,538.3635199201451,827.7780712241391,535.4512472862644,805.1899926721862,567.1810236379944,831.0263753157752,564.2687510041137,因
989.7523162589475,517.1935380815513,1009.626456754016,514.9533283631815,993.0006203505835,546.0110417994006,1012.8747608456521,543.7708320810309,9
1104.0286241055915,504.3123322009254,1167.6258736898105,497.14366110214235,1107.2769281972276,533.1298359187748,1170.8741777814466,525.9611648199917,61.92
1287.864423684975,483.5903923060056,1406.1155596306326,470.2611444817058,1291.112727776611,512.407896023855,1409.363863722269,499.0786481995551,557.28
1448.84496169503,465.44469358721096,1489.5869497099204,460.852263664553,1452.093265786666,494.2621973050603,1492.8352538015565,489.66976738240237,2%
1657.5234368932493,441.922491544329,1722.114393502222,434.6418099596274,1660.7717409848854,470.7399952621783,1725.362697593858,463.45931367747676,11.15
190.19735483573436,637.5092214462904,551.9067118459811,596.7374045719616,193.44565892737046,666.3267251641397,555.1550159376172,625.554908289811,影响自己要求数据品牌注册增加
598.6109420093921,591.4729117337928,668.170433742132,583.6321777194988,601.8592461010282,620.2904154516422,671.4187378337681,612.4496814373482,需要l
805.3020031581046,568.1747306627478,831.1383858016937,565.2624580288672,808.5503072497407,596.9922343805972,834.3866898933298,594.0799617467165,不
981.188146539461,548.3488746551759,1012.9867713315706,544.7645391057844,984.436450631097,577.1663783730252,1016.2350754232067,573.5820428236336,56
1107.388938683146,534.1235429435282,1170.9861882673652,526.9548718447451,1110.637242774782,562.9410466613775,1174.2344923590013,555.7723755625944,61.92
1278.3065469407352,514.8577393655487,1409.4758742081872,500.0723552243086,1281.5548510323713,543.675243083398,1412.7241782998233,528.889858942158,3467.52
1452.2052762725846,495.2559043298137,1492.9472642874748,490.6634744071558,1455.4535803642207,524.0734080476631,1496.1955683791111,519.4809781250051,2%
1660.8837514708039,471.7337022869317,1725.4747080797765,464.45302070223016,1664.13205556244,500.5512060047811,1728.7230121714126,493.2705244200795,69.35
1231.0916029976406,685.2183834957304,1411.9462815027641,664.832475058566,1234.4519175751952,715.0295942383332,1415.3065960803187,694.6436858011689,￥23407.36
1556.0338000920108,648.5909546003857,1699.127611656504,632.4614446281238,1559.3941146695654,678.4021653429884,1702.4879262340587,662.2726553707265,￥468.15
1433.250871919932,728.8489918894334,1614.1055504250553,708.463083452269,1436.6111864974866,758.6602026320361,1617.46586500261,738.2742941948718,￥23875.51
681.6723297485871,810.5477981695483,1043.381686758834,769.7759812952195,684.4725918965493,835.3904737883838,1046.1819489067962,794.618656914055,贰万叁仟捌佰柒拾伍圆伍角壹分
471.9888484792865,896.5759196344904,740.2897451627114,866.3330884364993,475.34916305684106,926.3871303770932,743.6500597402659,896.1442991791021,黄石金承信息有限公司
509.3592228702945,924.5661879053716,867.0937517815275,884.2424129747167,512.719537447849,954.3773986479744,870.4540663590822,914.0536237173194,518309527115S44009
464.4903225271181,972.8961142656931,910.6647766414061,922.603406088293,467.85063710467267,1002.7073250082958,914.0250912189606,952.4146168308957,黑龙江省文市大兴陈街w座 116-3074470
468.4106895342651,1007.675860132063,1067.6160254605807,940.1335371232162,471.77100411181965,1037.4870708746657,1070.976340038135,969.944747865819,EBA银行北京东三环支行 790320946009917133
359.17485355395297,1065.273882126593,412.835032890638,1059.2253158869948,362.5351681315076,1095.0850928691957,416.1953474681926,1089.0365266295976,张林
773.5506828761314,1018.5655094985844,827.2108622128164,1012.5169432589862,776.9109974536859,1048.3767202411873,830.5711767903709,1042.3281540015892,章倩
1148.1782312081727,976.3375563073155,1201.8384105448577,970.2889900677171,1151.5385457857274,1006.1487670499182,1205.1987251224123,1000.10020081032,林博
394.2410572699532,23.3198336983055,672.8160008011653,51.53332048356492,389.4044595353373,71.07553830365612,667.9794030665494,99.2890250889156,2928707674
1641.0273124314358,177.73496877387618,1775.3402316339843,191.3378999024834,1638.7097760169322,200.61791056394003,1773.022695219481,214.22084169254725,2928707674
1410.4350264420502,132.26852354017126,1634.2898917796315,154.94007542118328,1405.6991911602388,179.02931763291042,1629.55405649782,201.70086951392244,04420300
1622.4762064413017,212.04031043582165,1743.8552889799012,224.33332967797037,1619.6548577627757,239.89780478894284,1741.0339403013754,252.1908240310916,04420300
1533.3745024931243,248.24647501495554,1712.458394763189,266.3837165197652,1530.5531538145983,276.1039693680767,1709.6370460846633,294.24121087288637,1997年06月03日
468.5424450006394,202.719677012881,753.0868516075204,231.53773851496737,465.620333869309,231.57208187861363,750.16474047619,260.3901433807,晖来计算机信息有限公司
489.68699706215983,242.05042729961787,771.2466721312063,270.56620144329077,486.66412347802486,271.897742677962,768.2237985470714,300.41351682163497,819971946441091
456.9929049744227,286.9847832264425,847.992736430731,326.5844271786102,454.57460610711473,310.8626355291179,845.5744375634231,350.4622794812856,广东省慧县清城上海街k座 129-0761151
455.7456134944682,329.0733121145379,975.0889010776564,381.6713124784858,452.8235023631378,357.9257169802705,972.1667899463259,410.5237173442185,EBA银行北京东三环支行 394829396573600
1155.6225594039483,276.3261739512349,1718.7419095420414,333.3577222385808,1152.498923367009,307.1683998421905,1715.618273505102,364.1999481295364,*6-645/015/4*442142705851-4
1152.2973984614,309.15822086741355,1715.416748599493,366.18976915475935,1149.1737624244606,340.0004467583691,1712.2931125625537,397.03199504571495,9/--+6+3/24*0*7/-*7<+*170->
1148.9722375188514,341.99026778359206,1712.0915876569445,399.0218160709379,1145.848601481912,372.83249367454766,1708.9679516200051,429.8640419618935,>1946-797/58>8092335788>171
1145.647076576303,374.82231469977063,1708.766426714396,431.8538629871165,1142.5234405393637,405.66454059072623,1705.6427906774566,462.6960888780721,91**569-529+*+15<++8*9/4*87
197.86131615182444,384.3696879821381,560.0087427424002,421.04722080297535,194.939205020494,413.2220928478707,557.0866316110697,449.89962566870804,网站还是文章为什积分东西提高
606.7695368351394,425.7830560847867,676.4132727179424,432.83642778110163,603.847425703809,454.6354609505194,673.491161586612,461.68883264683427,说明#
813.7109234583254,446.74164626812234,839.5785967862237,449.3614700410393,810.788812326995,475.59405113385503,836.6564856548932,478.21387490677193,朋
977.8711580392182,463.3674509808645,1021.647220594123,467.8009989042624,974.9490469078878,492.21985584659717,1018.7251094627926,496.65340376999507,464
1116.1637192922128,477.3734319206897,1179.837992099347,483.8222289001776,1113.2416081608824,506.2258367864224,1176.9158809680166,512.6746337659102,97.04
1274.354490797437,493.3946619166049,1418.6165151261002,508.0052175732571,1271.4323796661065,522.2470667823376,1415.6944039947698,536.8576224389898,45026.56
1461.3976671683936,512.3380030438504,1502.1889981854638,516.4692636088349,1458.4755560370631,541.1904079095832,1499.2668870541333,545.3216684745676,14%
1644.4612014889044,530.8782943598782,1734.998058136548,540.0476775650875,1641.539090357574,559.7306992256108,1732.0759470052176,568.9000824308201,6303.72
194.83844256768953,414.21700336048224,556.9858691582651,450.8945361813195,191.9163314363591,443.06940822621493,554.0637580269347,479.74694104705213,方面来自设备项目基本以后增加
603.7466632510044,455.6303714631309,673.3903991338075,462.6837431594457,600.824552119674,484.48277632886357,670.468288002477,491.5361480251784,首页!
810.6880498741905,476.5889616464665,836.5557232020888,479.2087854193834,807.76593874286,505.4413665121991,833.6336120707583,508.0611902851161,一
986.787210606421,494.4239157928626,1018.6243470099881,497.6483142826065,983.8650994750906,523.2763206585953,1015.7022358786577,526.5007191483393,10
1100.2070090441289,505.91083541257535,1176.8151185152121,513.6695442785217,1097.2848979127984,534.7632402783081,1173.8930073838817,542.5219491442544,735.82
1297.1992905412,525.8618010678659,1415.5936415419653,537.8525329516012,1294.2771794098696,554.7142059335987,1412.671530410635,566.7049378173339,7358.20
1458.3747935842584,542.1853184221947,1499.1661246013289,546.316578987179,1455.452682452928,571.0377232879273,1496.2440134699984,575.1689838529118,14%
1641.4383279047693,560.7256097382223,1731.9751845524133,569.8949929434316,1638.5162167734388,589.5780146039549,1729.053073421083,598.7473978091642,1030.15
191.8155689835546,444.0643187388264,502.2276489183338,475.5022040138297,188.89345785222417,472.916723604559,499.30553778700335,504.3546088795624,注意这种音乐一直安全或者
600.7237896668695,485.477686841475,670.3675255496726,492.5310585377899,597.801678535539,514.3300917072078,667.4454144183421,521.3834634035226,可是-
807.6651762900556,506.43627702481064,833.5328496179538,509.0561007977276,804.7430651587251,535.2886818905433,830.6107384866234,537.9085056634602,业
971.8254108709484,523.0620817375528,1015.6014734258531,527.4956296609507,968.903299739618,551.9144866032855,1012.6793622945227,556.3480345266834,773
1097.1841354599937,535.7581507909196,1173.7922449310772,543.5168596568659,1094.2620243286633,564.6105556566522,1170.8701337997468,572.3692645225985,735.82
1255.3749069652179,551.7793807868347,1412.5707679578304,567.6998483299453,1252.4527958338874,580.6317856525674,1409.6486568265,596.5522531956781,568788.86
1455.3519200001238,572.0326338005387,1496.143251017194,576.1638943655232,1452.4298088687933,600.8850386662715,1493.2211398858635,605.0162992312559,14%
1625.4816176566853,589.263013230108,1728.9523109682782,599.7423083217757,1622.559506525355,618.1154180958406,1726.0301998369478,628.5947131875084,79630.44
188.7926953994197,473.91163411717054,395.7340820226058,494.8702243005061,185.87058426808926,502.76403898290323,392.81197089127534,523.7226291662388,得到主要不要全部
597.7009160827346,515.3250022198192,667.3446519655377,522.378373916134,594.7788049514041,544.1774070855519,664.4225408342072,551.2307787818668,两个g
804.6423027059207,536.2835924031548,830.5099760338189,538.9034161760717,801.7201915745902,565.1359972688874,827.5878649024885,567.7558210418044,觉
980.7414634381511,554.118546549551,1012.5785998417182,557.3429450392948,977.8193523068206,582.9709514152836,1009.6564887103877,586.1953499050276,32
1107.095098539808,566.9153780557222,1170.7693713469423,573.36417503521,1104.1729874084776,595.7677829214548,1167.8472602156119,602.2165799009427,97.04
1278.2197067089812,584.2465199380958,1409.5478943736955,597.5471637082895,1275.2975955776508,613.0989248038285,1406.625783242365,626.3995685740222,3105.28
1452.3290464159886,601.879949178883,1493.120377433059,606.0112097438673,1449.4069352846582,630.7323540446156,1490.1982663017286,634.8636146096001,14%
1648.3264174004487,621.7301523813691,1725.9294373841435,629.5896237001199,1645.4043062691183,650.5825572471017,1723.007326252813,658.4420285658525,434.74
1196.0305706166864,740.7615221212802,1396.007583651592,761.0147751349843,1193.0076970325513,770.6088374996244,1392.9847100674572,790.8620905133286,￥624278.90
1521.3663082406376,773.7108441883511,1702.4400215359256,792.0496105987697,1518.3434346565027,803.5581595666953,1699.4171479517904,821.8969259771138,￥87399.05
1384.382709203438,826.175056703319,1584.3597222383437,846.4283097170231,1381.3598356193029,856.0223720816632,1581.3368486542088,876.2756250953673,￥711677.95
632.5326490275788,747.0139108452842,1046.415422273951,788.9310912119553,630.0135877074664,771.886673660571,1043.8963609538387,813.8038540272421,柒拾壹万壹仟陆佰柒拾柒圆玖角伍分
409.3948852043991,786.7321479158148,678.0207236094965,813.9380101730293,406.3720116202642,816.579463294159,674.9978500253616,843.7853255513735,菊风公司科技有限公司
439.99744414344525,821.9952077147349,738.4705979268867,852.2239435560842,436.97457055931034,851.8425230930791,735.4477243427518,882.0712589344284,93G7813308089G5
385.9191330422782,859.7382371168032,832.633953204829,904.9805784260228,382.8962594581433,889.5855524951473,829.6110796206941,934.827893804367,广东省秀珍县东丽叶路t座 437-2248381
382.3924471941208,894.5601050582047,859.9494932476273,942.9260824043638,379.3695736099859,924.4074204365488,856.9266196634923,972.7733977827079,EBA银行上海分行 820085243598435
263.4434278675992,927.7433960532037,317.16859554861867,933.1845685046467,260.4205542834642,957.5907114315478,314.14572196448364,963.0318838829908,韦磊
678.3211116265829,969.7613388726793,732.0462793076024,975.2025113241223,675.2982380424479,999.6086542510235,729.0234057234674,1005.0498267024664,范欣
1053.4023748811078,1007.7487835799751,1107.127542562127,1013.189956031418,1050.3795012969726,1037.5960989583193,1104.1046689779923,1043.037271409762,廖俊
