339.53381633324534,87.9390846373202,619.520791505945,85.23839331062476,339.99679198925026,135.93685180978298,619.9837671619498,133.23616048308753,8497681585
1595.7454598120244,103.82325248912758,1730.7391799845761,102.52113345661371,1595.9673023138603,126.82218259259935,1730.9610224864118,125.52006356008548,8497681585
1361.5441476705996,84.08128219143958,1586.5336812915189,81.91108380391643,1361.9974780004377,131.07909588114273,1586.987011621357,128.90889749361958,65838755
1581.0933893126335,139.9662577609762,1703.08771420931,138.7895279686303,1581.3634584453032,167.96495527824618,1703.3577833419795,166.78822548590028,65838755
1496.5313829555687,185.7840172093355,1676.5230098523043,184.047858499317,1496.8014520882384,213.78271472660543,1676.7930789849738,212.04655601658692,1991年04月18日
433.17888752165004,258.0437601818761,641.1692119356553,256.03753233918803,433.45860198048626,287.0424111819057,641.4489263944918,285.03618333921764,恩悌传媒有限公司
458.5346016588115,294.8009058898136,741.52143727979,292.0712785846178,458.82396144381454,324.79951037260287,741.8107970647931,322.0698830674071,982837532509166
430.99887979754646,343.0687421949459,823.9805985220855,339.2781290114055,431.230367625549,367.0676257811773,824.212086350088,363.27701259763694,湖北省红霞县静安盘路I座 831-5575964
434.40384394482976,385.03785249235057,904.3819808418612,380.50454919396884,434.6835584036661,414.0365034923802,904.6616953006975,409.5032001939985,汉口银行龙阳大道支行 853770651162551
1124.1853254132293,255.37865373167688,1690.1589966551865,249.91939912128532,1124.4843305243992,286.3772116972258,1690.4580017663561,280.91795708683424,*8>1*</81>141>0072521/<6229
1124.5036211767326,288.37711866274503,1690.4772924186898,282.9178640523535,1124.8026262879025,319.37567662829395,1690.7762975298597,313.9164220179024,7/48</215881/-149**8*><24*3
1124.821916940236,321.3755835938132,1690.7955881821931,315.91632898342164,1125.1209220514058,352.3741415593621,1691.094593293363,346.91488694897055,02-4+4623/5323985<<9/98+>+>
1125.1402127037395,354.3740485248814,1691.1138839456967,348.91479391448985,1125.4392178149094,385.37260649043026,1691.4128890568663,379.9133518800387,+09+6<80201-5398721096<7111
184.196791191668,468.45506146374066,392.1871156056735,466.4488336210526,184.47650565050424,497.4537124637703,392.46683006450974,495.4474846210822,参加日本提供特别
595.1776726058806,464.4908324091984,665.1744163990555,463.8156595775245,595.4573870647171,493.489483409228,665.4541308578919,492.8143105775541,本站~
803.1679970198861,462.4846045665103,829.1667875716367,462.2338260861743,803.4477114787223,491.4832555665399,829.4465020304731,491.2324770862039,员
956.1608798821112,461.0088696629946,1012.1582749166512,460.46873139765546,956.4405943409475,490.0075206630242,1012.4379893754875,489.46738239768507,1961
1120.1532510546924,459.4270361716444,1171.1508786754341,458.93512453713913,1120.4329655135286,488.425687171674,1171.4305931342706,487.93377553716874,3.92
1279.1458548134754,457.893429311128,1411.1397145377482,456.62024625711445,1279.4255692723118,486.8920803111576,1411.4194289965844,485.618897257144,7687.12
1454.1377142964127,456.20549723194335,1495.135807089558,455.8100388591058,1454.4174287552491,485.2041482319729,1495.4155215483943,484.80868985913537,2%
1651.128550400062,454.30536797708976,1729.124922055314,453.5530325360817,1651.4082648588983,483.3040189771193,1729.4046365141503,482.5516835361113,153.74
184.48615097667107,498.45366594652995,340.4788942871752,496.9489950645139,184.7658654355074,527.4523169465596,340.75860874601153,525.9476460645435,学习地区应该
595.4670323908838,494.4894368919876,665.4637761840586,493.81426406031375,595.74674684972,523.4880878920172,665.7434906428949,522.8129150603434,情况!
803.4573568048892,492.48320904929955,829.4561473566398,492.23243056896354,803.7370712637255,521.4818600493292,829.7358618154761,521.2310815689932,址
956.4502396671143,491.0074741457838,1012.4476347016542,490.4673358804447,956.7299541259506,520.0061251458134,1012.7273491604906,519.4659868804744,1961
1107.44321556382,489.55102989460164,1171.4402384604373,488.93372901992836,1107.7229300226566,518.5496808946313,1171.7199529192735,517.9323800199579,59.78
1253.4364240467278,488.1428122742533,1411.4290743227511,486.6188507399037,1253.7161385055642,517.1414632742828,1411.7087887815874,515.6175017399332,117228.58
1454.4270740814159,486.2041017147326,1495.425166874561,485.80864334189505,1454.706788540252,515.2027527147621,1495.7048813333975,514.8072943419246,2%
1638.41851490919,484.42936170004697,1729.4142818403172,483.55163701887096,1638.6982293680262,513.4280127000766,1729.6939962991537,512.5502880189006,2344.57
184.77551076167413,528.4522704293191,548.7585784861838,524.941371704615,185.05522522051047,557.4509214293488,549.03829294502,553.9400227046447,城市游戏欢迎留言继续使用直接
595.7563921758868,524.4880413747769,665.7531359690618,523.812868543103,596.0361066347232,553.4866923748065,666.032850427898,552.8115195431326,日期!
803.7467165898922,522.4818135320888,829.745507141643,522.2310350517528,804.0264310487286,551.4804645321184,830.0252216004792,551.2296860517824,情
968.7390412452331,520.8903347145718,1012.7369944866573,520.4659403632339,969.0187557040695,549.8889857146014,1013.0167089454936,549.4645913632636,786
1120.7319706246985,519.4242451372229,1171.7295982454402,518.9323335027176,1121.011685083535,548.4228961372525,1172.0093127042767,547.9309845027473,3.92
1279.7245743834815,517.8906382767065,1411.7184341077543,516.6174552226929,1280.004288842318,546.8892892767361,1411.9981485665905,545.6161062227225,3081.12
1454.7164338664188,516.2027061975218,1495.7145266595642,515.8072478246843,1454.9961483252553,545.2013571975514,1495.9942411184006,544.8058988247138,2%
1664.7066652459434,514.1771877025002,1729.7036416253204,513.5502415016601,1664.98637970478,543.1758387025299,1729.9833560841566,542.5488925016898,61.62
185.06487054667718,558.4508749121085,497.05035716768543,555.4415331480764,185.34458500551352,587.449525912138,497.3300716265217,584.4401841481059,次数汽车中心东西人员设备
596.0457519608899,554.4866458575661,666.0424957540648,553.8114730258923,596.3254664197262,583.4852968575957,666.3222102129012,582.8101240259218,或者*
804.0360763748954,552.4804180148781,830.034866926646,552.229639534542,804.3157908337316,581.4790690149076,830.3145813854824,581.2282905345717,以
981.0278428233519,550.7731952833599,1013.0263542716605,550.4645448460232,981.3075572821882,579.7718462833894,1013.3060687304967,579.4631958460528,12
1108.0219351338264,549.54823886018,1172.0189580304434,548.9309379855068,1108.3016495926627,578.5468898602097,1172.2986724892799,577.9295889855365,59.78
1293.0133294443601,547.7638535193278,1412.0077938927575,546.6160597054821,1293.2930439031963,576.7625045193573,1412.2875083515937,575.6147107055118,717.36
1455.005793651422,546.201310680311,1496.0038864445673,545.8058523074735,1455.2855081102582,575.1999616803407,1496.2836009034036,574.8045033075031,2%
1664.9960250309466,544.1757921852894,1729.9930014103234,543.5488459844495,1665.275739489783,573.1744431853191,1730.2727158691596,572.547496984479,14.35
1215.5988377976987,712.5182054590837,1416.5894878323866,710.5794948995631,1215.8881975827017,742.5168099418729,1416.8788476173895,740.5780993823523,￥128714.18
1542.5836266601013,709.3641838025501,1705.576044349923,707.7919956373667,1542.8729864451043,739.3627882853393,1705.865404134926,737.7906001201559,￥2574.28
1412.2263119455952,776.6246513925332,1613.216961980283,774.6859408330125,1412.5156717305981,806.6232558753225,1613.506321765286,804.6845453158018,￥131288.46
656.2325430008058,780.9166575263321,1072.2131918288167,776.9042018409559,656.473676154975,805.9154945953231,1072.454324982986,801.903038909947,壹拾叁万壹仟贰佰捌拾捌圆肆角陆分
438.8406939815437,845.0164545617856,735.8268783611572,842.151792690255,439.1300537665468,875.0150590445749,736.1162381461603,872.1503971730442,济南亿次元科技有限公司
473.1477628327081,876.6870249204239,773.1338076606006,873.7934270703931,473.4371226177112,906.6856294032132,773.4231674456037,903.7920315531824,101T75709883478
423.5648377198971,920.1672909874271,899.5426955134865,915.5761157320447,423.8541975049002,950.1658954702164,899.8320552984895,945.574720214834,吉林省重庆县大兴潜江路d座 038-8173631
423.9024241357341,955.1656628840145,876.8813518258517,950.7963301304679,424.1917839207372,985.1642673668038,877.1707116108547,980.7949346132572,招商银行城北支行 797074001030184
309.34181329588,1001.2727821173769,363.3393013649006,1000.7519345043713,309.63117308088306,1031.2713866001661,363.6286611499037,1030.7505389871606,戴敏
726.3224156066505,997.250681105834,807.3186477101814,996.4694096863257,726.6117753916535,1027.2492855886233,807.6080074951844,1026.468014169115,陈婷婷
1103.3048786070353,993.6143931409619,1184.3011107105663,992.8331217214535,1103.5942383920383,1023.6129976237511,1184.5904704955692,1022.8317262042427,赵红梅
354.4092491816257,68.77616802989508,634.3433111806223,74.85242779572741,353.3676046503401,116.76486437258023,633.3016666493369,122.84112413841257,5695293225
1609.5058441719705,124.02593946509955,1744.4740526357725,126.95556470934014,1609.0067228340627,147.0205231293029,1743.9749312978647,149.95014837354347,5695293225
1376.038369911553,96.95310321801855,1600.9853840178894,101.83581195841953,1375.0184263080025,143.94203505356444,1599.9654404143391,148.8247437939654,38396811
1593.7281431664173,159.69194780608666,1715.6994130374087,162.33946098977077,1593.1205171898341,187.68535400598637,1715.0917870608255,190.33286718967048,38396811
1507.771618311499,202.83677176986924,1687.729229596568,206.74293876218997,1507.1639923349157,230.83017796976895,1687.1216036199849,234.73634496208967,1975年11月09日
442.6767251957342,241.73238410234154,702.6154970519455,247.37462531347154,442.0473982914159,270.72555480938047,701.986170147627,276.36779602051047,双敏电子传媒有限公司
466.8679035480168,279.2661940598726,749.8012590684314,285.4075566089102,466.21687571596334,309.2591292740508,749.1502312363779,315.4004918230884,483614034133163
437.8328528168315,326.64726442597447,830.7403041225663,335.17572902587483,437.31203055118885,350.641612597317,830.2194818569235,359.1700771972174,云南省颖市南湖西安街Z座 088-3484017
439.9207073733745,368.70247650902934,1003.787889399925,380.94179975163433,439.2913804690562,397.69564721606827,1003.1585624956067,409.9349704586733,EBA银行北京东三环支行 287142513771499570
1133.4271959180319,260.72678319586333,1699.293906958861,273.0095082939386,1132.7544671582434,291.7194829171808,1698.6211781990723,304.0022080152561,/27-4*-*9134*1<6<*38-717>4/
1132.7110653027732,293.71901193145936,1698.5777763436022,306.00173702953464,1132.0383365429846,324.71171165277684,1697.9050475838135,336.99443675085206,091>73*+3>6267*1/*2<*/-26>5
1131.9949346875144,326.7112406670554,1697.8616457283433,338.9939657651306,1131.322205927726,357.70394038837287,1697.1889169685548,369.98666548644815,437+6-+>->-0-/298/195>61-9<
1131.2788040722555,359.7034694026514,1697.1455151130845,371.9861945007267,1130.606075312467,390.69616912396896,1696.472786353296,402.9788942220442,454*42</54>697/39*-07>41704
187.22204093487244,444.2364687257966,551.1363215335682,452.13560642137855,186.59271403055413,473.22963943283554,550.5069946292498,481.1287771284175,必须包括实现然后科技客户提供
598.125253369114,453.15555002492897,668.1087688688632,454.674614966387,597.4959264647957,482.1487207319679,667.4794419645448,483.667785673426,如果!
806.0762708540831,457.66934299383297,832.0701480397041,458.2335671149459,805.4469439497647,486.6625137008719,831.4408211353858,487.2267378219849,公
983.0345886177345,461.5104072029484,1015.0270528461913,462.20483689047205,982.4052617134162,490.5035779099873,1014.397725941873,491.198007597511,33
1110.0046810244223,464.26642502530797,1173.9896094813357,465.65528440035536,1109.375354120104,493.25959573234695,1173.3602825770174,494.64845510739434,35.35
1281.9641762523775,467.99898459574786,1413.9330911947616,470.8635070567831,1281.334849348059,496.9921553027868,1413.3037642904433,499.856677763822,1166.55
1456.9229650017503,471.796646949393,1497.9133097944605,472.68638498653274,1456.293638097432,500.789817656432,1497.2839828901424,501.6795556935717,2%
1666.873511500998,476.3538417737672,1731.8582044650507,477.7644020765497,1666.2441845966796,505.34701248080614,1731.2288775607324,506.75757278358867,23.33
186.57101310281894,474.22940393997476,446.50978495903024,479.87164515110476,185.94168619850063,503.22257464701374,445.8804580547119,508.8648158581437,资料教育只有系列如何
597.4742255370606,483.1484852391072,667.4577410368097,484.66755018056523,596.8448986327422,512.1416559461461,666.8284141324914,513.6607208876042,希望~
805.4252430220296,487.6622782080112,831.4191202076507,488.2265023291242,804.7959161177112,516.6554489150501,830.7897933033323,517.2196730361632,统
970.3863867000098,491.2429312843052,1014.3760250141378,492.19777210465026,969.7570597956914,520.2361019913441,1013.7466981098195,521.1909428116892,154
1109.3536531923687,494.2593602394862,1173.3385816492823,495.64821961453356,1108.7243262880504,523.2525309465251,1172.709254744964,524.6413903215725,35.35
1294.3100870131345,498.27403187048253,1413.282063362708,500.8564422709612,1293.6807601088162,527.2672025775215,1412.6527364583897,529.8496129780002,5443.90
1456.271937169697,501.7895821635712,1497.262281962407,502.67932020071095,1455.6426102653786,530.7827528706101,1496.6329550580888,531.6724909077499,2%
1653.2255450761338,506.06466492738895,1731.2071766329973,507.75733729072795,1652.5962181718155,535.0578356344279,1730.5778497286788,536.7505079977668,108.88
185.91998527076555,504.222339154153,393.8710027557346,508.736132123057,185.29065836644713,533.215509861192,393.2416758514162,537.7293028300959,原因网站大家日期
596.8231977050071,513.1414204532854,666.8067132047563,514.6604853947434,596.1938708006887,542.1345911603244,666.177386300438,543.6536561017824,不是l
804.7742151899761,517.6552134221894,830.7680923755972,518.2194375433023,804.1448882856578,546.6483841292284,830.1387654712789,547.2126082503413,论
981.7325329536276,521.4962776313048,1013.7249971820844,522.1907073188285,981.1032060493093,550.4894483383438,1013.095670277766,551.1838780258674,33
1108.7026253603153,524.2522954536644,1172.687553817229,525.6411548287118,1108.073298455997,553.2454661607034,1172.0582269129106,554.6343255357507,35.35
1280.6621205882705,527.9848550241043,1412.6310355306546,530.8493774851395,1280.0327936839521,556.9780257311432,1412.0017086263363,559.8425481921785,1166.55
1455.6209093376433,531.7825173777494,1496.6112541303537,532.6722554148892,1454.991582433325,560.7756880847884,1495.9819272260352,561.6654261219281,2%
1665.571455836891,536.3397122021237,1730.556148800944,537.7502725049061,1664.9421289325726,565.3328829091625,1729.9268218966254,566.7434432119451,23.33
185.26895743871205,534.2152743683313,393.2199749236811,538.7290673372352,184.63963053439375,563.2084450753702,392.5906480193628,567.7222380442741,无法根据是一帖子
596.1721698729536,543.1343556674636,666.1556853727028,544.6534206089217,595.5428429686353,572.1275263745025,665.5263584683845,573.6465913159607,所以-
804.1231873579227,547.6481486363676,830.1170645435438,548.2123727574806,803.4938604536043,576.6413193434065,829.4877376392254,577.2055434645196,公
969.0843310359029,551.2288017126616,1013.0739693500309,552.1836425330067,968.4550041315845,580.2219724197006,1012.4446424457126,581.1768132400456,881
1095.0546589354512,553.9631186072861,1172.0365259851756,555.63409004289,1094.425332031133,582.9562893143251,1171.407199080857,584.627260749929,206.66
1254.017215570596,557.4135661171695,1411.9800076986012,560.8423126993177,1253.3878886662776,586.4067368242085,1411.3506807942829,589.8354834063566,182067.46
1454.96988150559,561.7754525919277,1495.9602262983003,562.6651906290674,1454.3405546012716,590.7686232989665,1495.3308993939818,591.6583613361063,2%
1638.9265508192163,565.7684232951889,1729.9051209688903,567.7432077190844,1638.297223914898,594.7615940022278,1729.275794064572,596.7363784261233,3641.35
1210.4676831364661,720.5069081786057,1411.4203490714601,724.8687946533639,1209.8166553044125,750.499843392784,1410.7693212394065,754.8617298675422,￥189844.46
1537.3906769710086,727.6031115479884,1700.3522916347101,731.1403627688123,1536.739649138955,757.5960467621667,1699.7012638026567,761.1332979829905,￥3796.89
1404.9892653052461,790.7447474858805,1605.9419312402401,795.1066339606386,1404.3382374731927,820.7376827000587,1605.2909034081868,825.0995691748169,￥193641.35
649.2324006911604,771.3395525967155,1065.1344356610985,780.3671385345234,648.6898774977825,796.3336652751973,1064.5919124677205,805.3612512130053,壹拾玖万叁仟陆佰肆拾壹圆叁角伍分
429.9382806152215,828.5941497930953,645.8874141573046,833.2815501838802,429.287252783168,858.5870850072736,645.2363863252513,863.2744853980585,天益科技有限公司
463.23584417043315,861.3244455645461,763.1651963122154,867.8347238850806,462.58481633837965,891.3173807787242,762.5141684801619,897.8276590992589,2109437248H625H
412.3144789208594,903.2292729847791,834.215100933633,912.3870644889977,411.663451088806,933.2222081989572,833.5640731015797,942.3799997031758,天津市兵市白云朱街q座 744-4300267
411.5549464501304,938.2210307346536,960.4256608695919,950.1348400612319,410.903918618077,968.2139659488319,959.7746330375384,980.1277752754102,招商银行龙阳大道支行 377654549163391872
295.60548638103376,980.7148268663827,349.5927697665545,981.8866769640789,294.95445854898037,1010.7077620805609,348.9417419345011,1011.879612178257,辛鑫
712.507285858111,989.7641137319258,793.4882109363922,991.5218888784701,711.8562580260575,1019.757048946104,792.8371831043387,1021.5148240926483,吉丽华
1089.4185050496174,997.9453634880642,1170.3994301278985,999.7031386346085,1088.7674772175637,1027.9382987022425,1169.748402295845,1029.6960738487867,蒋晶
320.893638772125,113.55391368162952,600.5283785195154,99.25662979939364,323.3446017233654,161.49129763832502,602.9793414707558,147.19401375608913,2857095695
1576.684914027214,77.38385709891025,1711.5088064054203,70.49052379854652,1577.8593337746834,100.35385357816017,1712.6832261528896,93.46052027779643,2857095695
1341.866809219005,67.36100050605535,1566.573296516015,55.87211167211575,1344.2667104420946,114.29968896365301,1568.9731977391048,102.81080012971341,43062232
1563.5427037541772,114.10282098869448,1685.3835546441114,107.87329015429168,1564.9724321424007,142.06629496343356,1686.8132830323352,135.83676412903077,43062232
1480.9513640976502,163.38436534091818,1660.7165539352582,154.19325427376646,1482.3810924858738,191.3478393156572,1662.146282323482,182.1567282485055,1990年06月08日
421.50518020291884,279.6331650374797,629.233844015266,269.01232558210444,422.9859703192933,308.5953345113166,630.7146341316404,297.9744950559413,佳禾网络有限公司
448.36185162194556,315.3083553003281,730.9926778666294,300.85788623363965,449.8937034664708,345.2692202732628,732.5245297111546,330.81875120657435,891072737061575
422.84934059844693,364.6754676452472,857.2818827059999,342.46361589963067,424.07482207406713,388.644159623595,858.5073641816201,366.4323078779784,海南省哈尔滨县萧山汕尾街j座 862-5313583
427.9900196780759,406.4674934229032,871.4108212775092,383.79608612392906,429.47080979445025,435.42966289674007,872.8916113938836,412.7582555977659,EBA银行城北支行 919134735062025
1111.8080169921177,248.34429288163875,1677.0696694814856,219.4433547482618,1113.390930564794,279.3038533536713,1678.6525830541616,250.40291522029435,765/114*6640-/>/5*169-59-86
1113.4930540210955,281.3012443518669,1678.7547065104632,252.40030621848996,1115.0759675937716,312.26080482389943,1680.3376200831394,283.3598666905225,6*>862441-3+-/3204*+9-*9*8+
1115.1780910500734,314.2581958220951,1680.4397435394412,285.35725768871816,1116.7610046227494,345.2177562941276,1682.022657112117,316.31681816075064,<29883*0719+/10>97+77289159
1116.8631280790512,347.2151472923232,1682.1247805684188,318.3142091589463,1118.4460416517272,378.17470776435573,1683.707694141095,349.2737696309788,21778>><90498<4117-1-4*6529
181.45344938474057,500.1783226156884,544.978611056348,481.59185356878163,182.93423950111492,529.1404920895252,546.4594011727224,510.5540230426185,图片用户影响必须如果网站但是
591.9172995139456,479.191952345692,661.8259844507933,475.61763137513304,593.3980896303201,508.1541218195289,663.3067745671677,504.5798008489699,所有+
799.6459633262929,468.5711128903168,825.6120463028362,467.24350795839484,801.1267534426673,497.53328236415365,827.0928364192107,496.2056774322317,看
988.3994126557814,458.92044626980754,1008.3733226377378,457.89921170679065,989.8802027721558,487.8826157436444,1009.8541127541123,486.8613811806275,7
1103.249395052031,453.04834753246064,1167.1659069942916,449.7803969308067,1104.7301851684056,482.0105170062975,1168.646697110666,478.7425664046436,717.2
1288.0080623851281,443.60192782455476,1406.8528267777692,437.52558217460444,1289.4888525015026,472.56409729839163,1408.3336168941437,466.4877516484413,5020.40
1449.7967332389755,435.32992786411825,1490.7432487019864,433.2363970099337,1451.27752335535,464.2920973379551,1492.2240388183607,462.19856648377055,13%
1646.5397465612468,425.2707674184022,1724.4379954908768,421.2879526226365,1648.020536677621,454.2329368922391,1725.9187856072513,450.2501220964734,652.65
182.98530122926581,530.139187588623,546.5104629008733,511.55271854171633,184.46609134564028,559.1013570624599,547.9912530172478,540.5148880155532,选择网上选择他的一点所有本站
593.449151358471,509.1528173186267,663.3578362953185,505.57849634806774,594.9299414748455,538.1149867924636,664.838626411693,534.5406658219047,通过-
801.1778151708181,498.5319778632515,827.1438981473616,497.20437293132954,802.6586052871926,527.4941473370883,828.624688263736,526.1665424051664,牌
989.9312645003067,488.88131124274224,1009.9051744822631,487.86007667972535,991.4120546166811,517.843480716579,1011.3859645986375,516.8222461535622,8
1117.764288384828,482.34541003943434,1168.697758838817,479.74126190374136,1119.2450785012024,511.3075795132712,1170.1785489551914,508.7034313775782,8.99
1302.5229557179252,472.89899033152847,1408.3846786222944,467.48644714753914,1304.0037458342997,501.86115980536533,1409.8654687386688,496.448616621376,71.92
1451.328585083501,465.29079283705295,1492.2751005465116,463.1972619828684,1452.8093751998751,494.2529623108898,1493.755890662886,492.15943145670525,13%
1674.0376813823154,453.90402745941503,1725.969847335402,451.2488175955712,1675.51847149869,482.8661969332519,1727.4506374517764,480.2109870694081,9.35
184.51715307379106,560.1000525615577,548.0423147453987,541.513583514651,185.99794319016553,589.0622220353946,549.523104861773,570.4757529884879,他的关系喜欢产品发表所有过程
594.9810032029964,539.1136822915614,664.8896881398439,535.5393613210024,596.4617933193707,568.0758517653983,666.3704782562183,564.5015307948393,服务!
802.7096670153435,528.4928428361861,828.6757499918868,527.1652379042642,804.1904571317178,557.455012310023,830.1565401082612,556.1274073781011,威
967.4944243664842,520.0676576912971,1011.4370263267884,517.82094165266,968.9752144828586,549.029827165134,1012.9178164431628,546.7831111264969,295
1106.3130987410816,512.97007747833,1170.2296106833423,509.70212687667606,1107.793888857456,541.9322469521669,1171.7104007997166,538.6642963505129,28.44
1291.0717660741789,503.5236577704241,1409.9165304668197,497.44731212047384,1292.5525561905533,532.485827244261,1411.3973205831942,526.4094815943107,8389.80
1452.860436928026,495.2516578099876,1493.8069523910367,493.1581269558031,1454.3412270444005,524.2138272838245,1495.2877425074112,522.1202964296399,13%
1636.6204087620254,485.85629983023256,1727.5016991799273,481.2096825685059,1638.1011988783998,514.8184693040695,1728.9824892963018,510.1718520423428,1090.67
186.04900491831643,590.0609175344924,549.5741665899238,571.4744484875857,187.52979503469078,619.0230870083293,551.0549567062983,600.4366179614226,根据比较准备城市那个时间点击
596.5128550475215,569.0745472644961,666.4215399843691,565.5002262939371,597.993645163896,598.036716738333,667.9023301007436,594.462395767774,发生/
804.2415188598687,558.4537078091208,830.2076018364121,557.126102877199,805.7223089762431,587.4158772829577,831.6883919527866,586.0882723510358,用
992.9949681893572,548.8030411886116,1012.9688781713137,547.7818066255948,994.4757583057317,577.7652106624485,1014.4496682876882,576.7439760994316,7
1107.844950585607,542.9309424512647,1171.7614625278675,539.6629918496108,1109.3257407019812,571.8931119251016,1173.242252644242,568.6251613234476,28.44
1292.603617918704,533.4845227433588,1411.448382311345,527.4081770934085,1294.0844080350785,562.4466922171956,1412.9291724277195,556.3703465672454,199.08
1454.3922887725514,525.2125227829223,1495.3388042355623,523.1189919287377,1455.8730788889259,554.1746922567592,1496.8195943519365,552.0811614025746,13%
1664.1183435830942,514.4895598712453,1729.0335510244527,511.17054754144056,1665.5991336994684,543.4517293450822,1730.5143411408271,540.1327170152774,25.88
1222.0807969067143,701.3044611193184,1403.843377742518,692.011226595865,1223.6126487512395,731.265326092253,1405.3752295870433,721.9720915687997,￥13681.20
1548.6542251117023,684.6072760139928,1711.4415914646474,676.2842143254054,1550.1860769562277,714.5681409869275,1712.9734433091726,706.2450792983401,￥1778.56
1421.195188787843,757.2102653422095,1602.957769623647,747.9170308187561,1422.7270406323685,787.1711303151442,1604.4896214681721,777.8778957916908,￥15459.76
666.0282062854366,792.8168453269531,1029.553367957044,774.2303762800464,667.3047494892076,817.7842328043986,1030.829911160815,799.1977637574919,壹万伍仟肆佰伍拾玖圆柒角陆分
451.47841462746345,865.8674230079017,667.1966424325931,854.8380897273197,453.01026647198876,895.8282879808364,668.7284942771184,884.7989547002544,创亿科技有限公司
487.06803689761637,896.0895802219034,846.5984165728325,877.7073580876001,488.5998887421416,926.0504451948381,848.1302684173579,907.6682230605347,065316155170342177
439.3289162532114,941.5865730906519,887.7431953481339,918.6598571509236,440.8607680977367,971.5474380635866,889.2750471926591,948.6207221238583,山东省平县城东南宁街O座 885-2742078
441.1160767384909,976.5409155590758,1043.329462694478,945.7506934841176,442.64792858301615,1006.5017805320103,1044.8613145390034,975.7115584570523,EBA银行北京东三环支行 918006637827372887
328.56387210902915,1027.3543117558247,409.45820753595285,1023.2183117756065,330.0957239535545,1057.3151767287593,410.9900593804782,1053.179176748541,周红霞
745.0198952328213,1006.0615711169232,825.914230659745,1001.925571136705,746.5517470773466,1036.022436089858,827.4460825042703,1031.8864361096398,罗秀云
1121.5280983927005,986.8112996040556,1202.4224338196243,982.6752996238374,1123.0599502372258,1016.7721645769902,1203.9542856641494,1012.636164596772,孟秀兰
360.14087624830427,61.73981609793111,639.9846575892141,71.09171669732717,358.5376932884078,109.71303575637279,638.3814746293176,119.06493635576885,4364976453
1614.5049339175894,131.67414834931304,1749.4296142069566,136.18310042402186,1613.7367420826388,154.66131610231633,1748.6614223720062,159.17026817702515,4364976453
1381.3702802726384,101.87090574303198,1606.244747421584,109.38582586754666,1379.8004969577398,148.84468332525614,1604.6749641066854,156.35960344977082,18238399
1598.310915554404,167.15306841817664,1720.242848852943,171.22782510791353,1597.3757254944642,195.13744655226765,1719.3076587930036,199.21220324200453,18238399
1511.8553550510105,209.2889920231491,1691.7549287701668,215.30092812276087,1510.9201649910708,237.2733701572401,1690.8197387102273,243.28530625685187,1991年08月26日
446.37820796568633,235.71717847093123,706.2331477822455,244.40108617037043,445.40961826074886,264.70099868123975,705.264558077308,273.38490638067896,东方峻景传媒有限公司
470.1284730062045,273.5315264159261,752.970580575767,282.9836259503157,469.12648365626916,303.5147887024522,751.9685912258317,312.9668882368418,821809438924428
440.540911912217,320.56955601442826,833.3216478657084,333.69561649858053,439.73932043226876,344.55616584364907,832.5200563857602,357.6822263278014,浙江省深圳县花溪郑街p座 981-1607947
442.1364530509603,362.64632215055826,937.8597228548579,379.21254606948844,441.16786334602284,391.6301423608668,936.8911331499204,408.19636627979696,招商银行北京东三环支行 237594827476993
1136.859084052012,262.79410146931093,1702.543299191137,281.69830053809017,1135.8236950570788,293.77680583205455,1701.507910196204,312.6810049008337,/<521<7588+-<766921+*0-**29
1135.7568957670833,295.7756899844896,1701.4411109062082,314.67988905326877,1134.72150677215,326.7583943472332,1700.4057219112751,345.66259341601244,*9*0<++<<92821711//<888**81
1134.6547074821544,328.75727849966836,1700.3389226212794,347.6614775684475,1133.6193184872213,359.7399828624119,1699.3035336263463,378.6441819311911,+51/9*>5+/*949<9/*757>44820
1133.5525191972256,361.73886701484696,1699.2367343363508,380.6430660836262,1132.5171302022923,392.72157137759064,1698.2013453414174,411.62577044636976,0+>53/-2-51-79/5/3*40>2*-89
188.5711206755335,435.21781942972,552.3680364187164,447.3752902089349,187.60253097059604,464.2016396400286,551.3994467137791,476.35911041924345,投资有限分析他的发现推荐更新
599.3418140009405,448.9450735238335,669.302759336168,451.2830486736825,598.3732242960032,477.9288937341421,668.3341696312307,480.2668688839911,显示~
807.225765854188,455.8921996833849,833.211259835844,456.7605904533288,806.2571761492505,484.8760198936934,832.2426701309065,485.7444106636374,示
984.1270133446918,461.8039368480031,1016.1091597836529,462.8727254879341,983.1584236397543,490.7877570583116,1015.1405700787155,491.85654569824266,72
1111.0561570243187,466.0456917627292,1175.0204499022411,468.1832690425912,1110.0875673193814,495.02951197303776,1174.0518601973035,497.1670892528997,92.01
1282.9601941337348,471.7904307023582,1414.8865481944497,476.19918384207347,1281.9916044287975,500.77425091266673,1413.9179584895123,505.18300405238205,6624.72
1457.8625574718037,477.63536857698074,1498.8396825967227,479.0047540218923,1456.8939677668664,506.6191887872893,1497.8710928917853,507.98857423220085,19%
1654.7526464866583,484.21509864155587,1732.709128431626,486.8202709513876,1653.7840567817207,513.1989188518644,1731.7405387266886,515.8040911616961,1258.70
187.56913132559816,465.2010817162461,551.3660470687812,477.35855249546097,186.6005416206607,494.18490192655463,550.3974573638437,506.3423727057695,他的发表包括更多制作威望欢迎
598.3398246510053,478.9283358103596,668.3007699862328,481.2663109602086,597.371234946068,507.91215602066814,667.3321802812955,510.25013117051714,只有~
806.2237765042528,485.875461969911,832.2092704859086,486.7438527398549,805.2551867993152,514.8592821802195,831.2406807809712,515.7276729501634,国
995.1183289093669,492.1879948745033,1015.1071704337177,492.8559877744602,994.1497392044295,521.1718150848119,1014.1385807287802,521.8398079847688,7
1110.0541676743835,496.0289540492553,1174.018460552306,498.1665313291172,1109.0855779694461,525.0127742595638,1173.0498708473683,527.1503515394257,98.03
1294.9509517746276,502.20788837385624,1413.8845588445142,506.18244612859957,1293.9823620696902,531.1917085841648,1412.9159691395769,535.1662663389081,686.21
1456.8605681218683,507.61863086350684,1497.8376932467872,508.98801630841837,1455.891978416931,536.6024510738154,1496.8691035418499,537.971836518727,19%
1653.750657136723,514.1983609280819,1731.7071390816905,516.8035332379137,1652.7820674317854,543.1821811383904,1730.738549376753,545.7873534482222,130.38
186.56714197566293,495.18434400277215,550.3640577188459,507.34181478198707,185.59855227072546,524.1681642130807,549.3954680139084,536.3256349922956,组织品牌工具也是朋友评论首页
597.3378353010701,508.91159809688565,667.2987806362976,511.2495732467347,596.3692455961326,537.8954183071942,666.3301909313601,540.2333934570432,资源g
805.2217871543174,515.8587242564371,831.2072811359734,516.727115026381,804.25319744938,544.8425444667456,830.2386914310359,545.7109352366895,不
958.1364248156003,520.9688699411071,1014.1051810837823,522.8392500609863,957.167835110663,549.9526901514156,1013.1365913788449,551.8230702712948,1637
1109.0521783244483,526.0122163357813,1173.0164712023704,528.1497936156433,1108.0835886195107,554.9960365460898,1172.047881497433,557.1336138259518,98.03
1254.9707214522084,530.8885645054664,1412.882569494579,536.1657084151257,1254.002131747271,559.872384715775,1411.9139797896416,565.1495286254342,160475.11
1455.858578771933,537.6018931500329,1496.835703896852,538.9712785949445,1454.8899890669957,566.5857133603414,1495.8671141919147,567.955098805253,19%
1626.7631738051318,543.3132324446641,1730.7051497317552,546.7867955244398,1625.7945841001942,572.2970526549726,1729.7365600268179,575.7706157347483,30490.27
185.5651526257276,525.1676062892982,497.3910804055987,535.5882955286253,184.59656292079012,554.1514264996067,496.4224907006612,564.5721157389338,看到当前目前能够关系你们
596.3358459511347,538.8948603834117,666.2967912863622,541.2328355332608,595.3672562461973,567.8786805937202,665.3282015814248,570.2166557435693,地区g
804.2197978043821,545.8419865429631,830.2052917860381,546.710377312907,803.2512080994447,574.8258067532716,829.2367020811006,575.6941975232155,提
969.1277403802754,551.3529279676072,1013.1031917338471,552.8225123475123,968.1591506753381,580.3367481779158,1012.1346020289096,581.8063325578208,362
1134.0356829561688,556.8638693922513,1172.0144818524352,558.1330559021693,1133.0670932512314,585.8476896025599,1171.0458921474979,587.1168761124779,4.6
1292.946973074757,562.1744129469083,1411.8805801446438,566.1489707016517,1291.9783833698195,591.158233157217,1410.9119904397062,595.1327909119602,1665.20
1454.8565894219978,567.5851554365589,1495.8337145469168,568.9545408814705,1453.8879997170602,596.5689756468674,1494.8651248419792,597.938361091779,19%
1651.7466784368523,574.164885501134,1729.70316038182,576.7700578109658,1650.778088731915,603.1487057114425,1728.7345706768824,605.7538780212743,316.39
1208.5135072739254,723.4443414917546,1409.40136459365,730.157670136321,1207.5115179239901,753.4276037782806,1408.3993752437148,760.1409324228471,￥169451.24
1535.3310661970595,734.3660254060493,1717.2295240686512,740.4447607956567,1534.3290768471243,764.3492876925753,1716.2275347187158,770.4280230821828,￥32195.74
1402.1997776427047,795.9538489416892,1603.0876349624295,802.6671775862557,1401.1977882927695,825.9371112282153,1602.085645612494,832.6504398727817,￥201646.98
646.7217669572415,767.7053910946672,1062.4896706637362,781.5996434137699,645.8867758322954,792.6914430001057,1061.65467953879,806.5856953192083,贰拾零万壹仟陆佰肆拾陆圆玖角捌分
426.7726163519525,822.3896772106245,750.5918490464339,833.2111621899257,425.77062700201714,852.3729394971507,749.5898596964986,863.1944244764518,惠派国际公司网络有限公司
459.6848583034176,855.5074115795123,819.4840057417305,867.531283778736,458.68286895348234,885.4906738660385,818.4820163917951,897.514546065262,R1607R06947R509788
408.2765697576335,896.8134386069743,884.0109980371806,912.7116696259476,407.2745804076983,926.7967008935004,883.0090086872452,942.6949319124737,山西省海燕县翔安武汉路Z座 014-1620738
407.10758218270905,931.793911274588,886.8397787671262,947.8257408735527,406.1055928327737,961.7771735611141,885.8377894171908,977.8090031600789,EBA银行上海分行 022026278774700
290.6687593927895,972.9278455296252,371.62356756640986,975.6332167744505,289.6667700428543,1002.9111078161512,370.62157821647463,1005.6164790609765,房冬梅
707.4361051755019,986.8554974937258,788.3909133491222,989.5608687385511,706.4341158255666,1016.8387597802518,787.388923999187,1019.5441310250771,曾桂英
1084.2257679095128,999.4471636579126,1165.1805760831332,1002.1525349027379,1083.2237785595776,1029.4304259444386,1164.1785867331978,1032.135797189264,陈桂芝
296.6110345783734,148.13102622893325,575.041482182819,118.52552257187466,301.68626377672626,195.86196010398106,580.1167113811719,166.25645644692247,2411277567
1548.5310213411635,43.17224029914348,1682.7742728647354,28.89815817877593,1550.9629019987076,66.04331278093719,1685.2061535222797,51.76923066056963,2411277567
1313.5165719843937,46.03730461505029,1537.2553245236802,22.247167747771073,1318.4860672411141,92.77384403436793,1542.2248197804008,68.98370716708871,09869186
1537.4215264039758,80.55644982991464,1658.7376500030555,67.65690895076767,1540.3820767696816,108.39949459035921,1661.6982003687613,95.49995371121224,09869186
1457.6560250403677,134.29158537652188,1636.6470270717969,115.25947588269844,1460.6165754060735,162.1346301369664,1639.6075774375029,143.10252064314307,2013年06月04日
406.1758285246806,308.4449555286147,613.0098753165544,286.4522956690854,409.24211283201873,337.28239474478937,616.0761596238926,315.28973488526015,趋势传媒有限公司
434.9478457583317,342.5942018498219,716.3614767299678,312.6714963678662,438.1198640073023,372.42603552172676,719.5334949789383,342.5033300397711,604089746822855
412.18003019624007,393.28568609057555,782.0947677278605,353.95265980334057,414.7176447954165,417.15115302809943,784.632382327037,377.81812674086444,辽宁省玉县高坪杜街x座 790-3435718
419.6040391119893,434.73305140634534,902.8797445968484,383.3463557730222,422.6703234193275,463.57049062252,905.9460289041865,412.1837949891969,EBA银行城北支行 793314100179009788
1093.7253332007524,239.36037968358,1656.5525951440245,179.51496871966867,1097.0030853913554,270.186607811215,1659.8303473346273,210.34119684730365,6<3<5>+4/7-300<2*3<>0+572+5
1097.21455327462,272.1753967226754,1660.041815217892,212.329985758764,1100.492305465223,303.00162485031035,1663.319567408495,243.15621388639903,8654**-44>748457>219<46/063
1100.7037733484876,304.9904137617707,1663.5310352917595,245.14500279785938,1103.9815255390904,335.81664188940573,1666.8087874823627,275.9712309254944,>9-7+98-73>82->00657+>5+03-
1104.1929934223551,337.805430800866,1667.0202553656272,277.96001983695476,1107.4707456129581,368.6316589285011,1670.2980075562302,308.78624796458973,<-6*/<7>7+085554*/+459+<>-*
178.57547999593896,541.8182216702089,540.5350618817182,503.3310669160327,181.64176430327723,570.6556608863837,543.6013461890564,532.1685061322074,选择一样科技学习影响作品国际
587.2716013010358,498.3615716593121,656.8792132021472,490.9601957450475,590.3378856083741,527.1990108754868,659.9454975094854,519.7976349612222,影响~
794.1056480929096,476.3689117997829,819.9599039418939,473.6198293173417,797.1719324002479,505.2063510159576,823.0261882492321,502.45726853351647,看
982.0462002259104,456.38519683126833,1001.9340893405137,454.2705179986213,985.1124845332486,485.2226360474431,1005.0003736478519,483.107957214796,3
1083.474434710387,445.6003347847684,1160.0428078016096,437.45882127907726,1086.5407190177252,474.43777400094314,1163.1090921089476,466.296260495252,127.23
1280.3645369449591,424.6650143415627,1398.6974771768485,412.0826752873128,1283.4308212522974,453.5024535577374,1401.7637614841867,440.92011450348747,381.69
1441.4564387732455,407.5361157971216,1482.226611458182,403.2010241901952,1444.5227230805838,436.37355501329637,1485.2928957655204,432.0384634063699,19%
1650.2792744765798,385.33198805432767,1714.9149140990403,378.4592818482248,1653.345558783918,414.1694272705024,1717.9811984063786,407.2967210643995,72.52
181.74749824490948,571.6500553421138,336.87303333881493,555.1555604474668,184.81378255224774,600.4874945582885,339.9393176461532,583.9929996636415,精华说明特别
590.4436195500064,528.193405331217,660.0512314511178,520.7920294169523,593.5099038573446,557.0308445473918,663.117515758456,549.6294686331271,一个+
797.2776663418803,506.20074547168775,823.1319221908644,503.4516629892466,800.3439506492184,535.0381846878624,826.1982064982027,532.2891022054213,常
973.285485006119,487.4858378027614,1005.1061075894842,484.10235167052616,976.3517693134572,516.3232770189361,1008.1723918968224,512.9397908867008,96
1086.6464529593575,475.43216845667325,1163.21482605058,467.2906549509822,1089.7127372666957,504.269607672848,1166.2811103579184,496.12809416715686,127.23
1257.6822993449455,457.24593049590874,1401.869495425819,441.91450895921764,1260.7485836522837,486.0833697120834,1404.9357797331572,470.7519481753924,12214.08
1444.628457022216,437.3679494690265,1485.3986297071528,433.03285786210006,1447.6947413295543,466.2053886852012,1488.4649140144911,461.8702970782748,19%
1627.597036876566,417.9129042086737,1718.0869323480108,408.29111552012967,1630.6633211839044,446.75034342484844,1721.153216655349,437.12855473630435,2320.68
184.9195164938801,601.4818890140186,495.1705866816909,568.4928992247247,187.98580080121826,630.3193282301934,498.2368709890291,597.3303384408995,已经自己回复设备很多等级
593.615637798977,558.0252390031219,663.2232497000884,550.6238630888572,596.6819221063151,586.8626782192966,666.2895340074266,579.461302305032,网络#
800.4496845908508,536.0325791435927,826.3039404398351,533.2834966611515,803.515968898189,564.8700183597673,829.3702247471732,562.1209358773262,应
964.5247697863276,518.5864787742545,1008.2781258384548,513.9341853424311,967.5910540936659,547.4239179904292,1011.344410145793,542.7716245586057,151
1089.8184712083282,505.26400212857817,1166.3868442995506,497.12248862288703,1092.8847555156663,534.1014413447529,1169.4531286068889,525.9599278390617,127.23
1260.8543175939162,487.0777641678136,1405.0415136747897,471.7463426311225,1263.9206019012543,515.9152033839883,1408.107797982128,500.58378184729725,19211.73
1447.8004752711868,467.19978314093134,1488.5706479561234,462.8646915340049,1450.8667595785248,496.0372223571061,1491.6369322634614,491.70213075017966,19%
1630.7690551255366,447.74473788057855,1721.2589505969813,438.1229491920345,1633.8353394328747,476.5821770967533,1724.3252349043196,466.96038840820927,3650.23
188.09153474285063,631.3137226859235,394.92558153472453,609.3210628263943,191.1578190501889,660.1511619020982,397.9918658420628,638.158502042569,作为介绍销售什么
596.7876560479476,587.8570726750268,666.395267949059,580.4556967607621,599.8539403552858,616.6945118912015,669.4615522563972,609.2931359769368,单位/
803.6217028398214,565.8644128154975,829.4759586888056,563.1153303330564,806.6879871471596,594.7018520316723,832.5422429961438,591.9527695492311,北
979.6295215040601,547.1495051465712,1011.4501440874253,543.7660190143359,982.6958058113984,575.9869443627459,1014.5164283947636,572.6034582305106,96
1092.9904894572987,535.0958358004831,1169.5588625485211,526.954322294792,1096.056773764637,563.9332750166577,1172.6251468558594,555.7917615109666,127.23
1264.0263358428867,516.9095978397185,1408.2135319237602,501.5781763030274,1267.0926201502248,545.7470370558932,1411.2798162310985,530.4156155192021,12214.08
1450.9724935201573,497.03161681283626,1491.7426662050939,492.6965252059098,1454.0387778274953,525.869056029011,1494.8089505124321,521.5339644220845,19%
1633.9410733745071,477.5765715524834,1724.430968845952,467.9547828639394,1637.0073576818454,506.41401076865816,1727.4972531532903,496.79222208011413,2320.68
1228.6637961168938,685.5941874859798,1409.6435870597834,666.3506101088917,1231.8358143658643,715.4260211578846,1412.815605308754,696.1824437807966,￥44021.58
1553.8307831406569,651.0191885722006,1715.9170794246734,633.7845560861272,1557.0028013896276,680.8510222441055,1719.0890976736441,663.6163897580321,￥8364.10
1430.543549587741,730.5003690042295,1611.5233405306305,711.2567916271414,1433.7155678367114,760.3322026761343,1614.695358779601,741.0886252990463,￥52385.68
678.4641392308409,807.4520455110973,1040.42372111662,768.964890756921,681.1074877716497,832.3119069043513,1043.0670696574289,793.8247521501751,伍万贰仟叁佰捌拾伍圆陆角捌分
468.2416522628713,892.1545010422201,736.7281553100152,863.606336801485,471.4136705118419,921.986334714125,739.9001735589858,893.4381704733898,鑫博腾飞信息有限公司
505.4345498899321,920.3801696100853,863.4165539527907,882.3159506224385,508.6065681389027,950.2120032819903,866.5885722017612,912.1477842943434,1O25642402O0132200
460.26138659361516,968.4258282880999,987.2904481306012,912.3868392229533,463.43340484258573,998.2576619600047,990.4624663795719,942.2186728948582,海南省乌鲁木齐市城北拉萨街e座 950-9780287
463.9620745507475,1003.2296342386555,994.9687139106543,946.7677094069795,467.134092799718,1033.0614679105606,998.1407321596248,976.5995430788844,汉口银行北京东三环支行 934563149812058
354.36473951523453,1060.1367880342334,434.9106904293778,1051.5723387620128,357.53675776420516,1089.9686217061383,438.08270867834835,1081.4041724339177,彭建华
769.0272275547125,1016.0457343735426,822.7245281641412,1010.3361015253956,772.199245803683,1045.8775680454473,825.8965464131118,1040.1679351973005,李雪
1143.9139373649837,976.1840383781458,1197.6112379744125,970.4744055299989,1147.0859556139542,1006.0158720500507,1200.783256223383,1000.3062392019037,呼娟
