370.9737960908262,48.88518128780697,650.5491027664762,64.30101396776087,368.33108191711983,96.81237671791837,647.9063885927696,112.22820939787226,1156271787
1623.527159910746,145.99373283402224,1758.3223970579343,153.4263664475714,1622.2608593691784,168.95884731095066,1757.0560965163666,176.39148092449983,1156271787
1391.093326185235,111.14386999840264,1615.752054763882,123.53159268765125,1388.505668556814,158.0725821903867,1613.1643971354613,170.46030487963532,62159883
1606.5678757085561,181.11328122732255,1728.3828307600893,187.8301797521596,1605.026292440561,209.07081189488758,1726.8412474920942,215.78771041972465,62159883
1519.2192559298842,221.3652205937803,1698.946238792802,231.2753987451792,1517.677672661889,249.32275126134527,1697.4046555248067,259.23292941274417,1971年08月13日
453.4195847547108,224.69101717384945,713.0252266678142,239.00571894809235,451.82294494142985,253.64703107954176,711.4285868545334,267.96173285378467,方正科技传媒有限公司
476.3445735323285,263.01131061669906,758.9153299223603,278.5923129325096,474.69287717376204,292.9658077605187,757.2636335637937,308.5468100763292,228057302751100
445.74432869105715,309.3969227788151,922.0208332777892,335.6588948800222,444.422971604204,333.3605204938708,920.699476190936,359.6224925950779,内蒙古自治区西宁县海港杭州路R座 230-1331938
446.42740350344604,351.4983884160192,957.6508214246343,379.6873396022206,444.8307636901651,380.4544023217115,956.0541816113533,408.6433535079129,汉口银行龙阳大道支行 905751976581430259
1143.1512761195472,266.7290229186735,1708.292788899611,297.89102755029455,1141.4445232156952,297.6820033006204,1706.586035995759,328.8440079322415,>7/1006*<058+3+5*15++331->5
1141.3344101251241,299.6789697768751,1706.4759229051879,330.84097440849615,1139.627657221272,330.631950158822,1704.7691700013359,361.7939547904431,7/194>750<37++31+*478+44830
1139.517544130701,332.6289166350766,1704.6590569107648,363.79092126669775,1137.810791226849,363.5818970170236,1702.9523040069125,394.7439016486447,58<17*9/1<>0/<508++0+9>51>*
1137.700678136278,365.5788634932783,1702.8421909163417,396.7408681248993,1135.993925232426,396.53184387522515,1701.1354380124894,427.6938485068463,3+6467+051++->3-752>/9*6+4-
191.34853056535906,418.55633783765927,554.7964292437038,438.59692032159927,189.7518907520781,447.51235174335153,553.1997894304228,467.5529342272916,都是标准所有记者一起事情发展
601.7251414356879,441.1845779500201,671.6189681046003,445.0385361200086,600.1285016224069,470.1405918557124,670.0223282913194,473.9945500257009,特别+
809.4096549661706,452.63633936941443,835.370219157481,454.0678095468387,807.8130151528896,481.59235327510675,833.7735793442,483.023823452531,今
974.1593892571785,461.7206693415301,1018.0926517347807,464.14315733409427,972.5627494438976,490.6766832472224,1016.4960119214998,493.0991712397866,889
1112.948559356876,469.37352913622146,1176.8514865970246,472.8971480344967,1111.3519195435952,498.3295430419138,1175.2548467837437,501.85316194018895,23.42
1271.70739421912,478.1275198366239,1416.4874637475816,486.11071890302856,1270.110754405839,507.08353374231615,1414.8908239343007,515.0667328087209,20820.38
1459.4222429870565,488.4781503503072,1500.3600557502768,490.7354687070147,1457.8256031737756,517.4341642559995,1498.763415936996,519.691482612707,14%
1643.1431588024834,498.6085546828483,1734.0051334720697,503.61870030383335,1641.5465189892025,527.5645685885406,1732.4084936587888,532.5747142095256,2914.85
189.69683420679246,448.51083498147887,397.3813477372752,459.96259640087317,188.10019439351163,477.4668488871712,395.78470792399435,488.9186103065655,您的东西分析手机
600.0734450771213,471.1390750938398,669.9672717460338,474.99303326382824,598.4768052638403,500.09508899953204,668.3706319327529,503.9490471695205,注意~
807.7579586076041,482.5908365132341,833.7185227989145,484.02230669065835,806.1613187943232,511.54685041892634,832.1218829856335,512.9783205963506,业
996.4712906136677,492.99652357220293,1016.4409553762141,494.0976544779139,994.8746508003868,521.9525374778952,1014.8443155629333,523.0536683836062,5
1098.3165809026546,498.61229119132895,1175.1997902384583,502.8516451783163,1096.7199410893736,527.5683050970213,1173.6031504251773,531.8076590840086,876.75
1283.0359799562088,508.79775206915565,1414.8357673890152,516.0652160468481,1281.439340142928,537.753765974848,1413.2391275757343,545.0212299525405,4383.75
1457.77054662849,518.4326474941269,1498.70835939171,520.6899658508344,1456.173906815209,547.3886613998192,1497.1117195784293,549.6459797565267,14%
1654.4717445395722,529.2787869153801,1732.3534371135033,533.573197447653,1652.8751047262913,558.2348008210724,1730.7567973002224,562.5292113533453,613.73
188.04513784822598,478.46533212529846,447.6507797613294,492.78003389954137,186.44849803494515,507.4213460309908,446.0541399480485,521.7360478052337,质量时间因为运行你的
598.4217487185549,501.0935722376594,668.3155753874673,504.94753040764783,596.825108905274,530.0495861433517,666.7189355741864,533.9035443133401,时间#
806.1062622490376,512.5453336570537,832.066826440348,513.976803834478,804.5096224357567,541.501347562746,830.470186627067,542.9328177401703,是
970.8559965400456,521.6296636291694,1014.7892590176476,524.0521516217335,969.2593567267646,550.5856775348617,1013.1926192043668,553.0081655274258,155
1122.6254487353983,529.9982585125729,1173.5480938798917,532.8061423221359,1121.0288089221174,558.9542724182652,1171.9514540666107,561.7621562278282,7.47
1281.3842835976425,538.7522492129752,1413.1840710304486,546.0197131906679,1279.7876437843615,567.7082631186676,1411.5874312171677,574.9757270963602,1157.85
1456.1188502699235,548.3871446379464,1497.0566630331436,550.644462994654,1454.5222104566426,577.3431585436388,1495.4600232198627,579.6004769003463,14%
1665.8003302766608,559.9490191479118,1730.7017407549367,563.5276945914726,1664.20369046338,588.9050330536041,1729.105100941656,592.4837084971649,162.10
186.3934414896595,508.4198292691181,394.0779550201422,519.8715906885125,184.79680167637855,537.3758431748105,392.48131520686127,548.8276045942048,城市我的开始注册
596.7700523599883,531.048069381479,666.6638790289009,534.9020275514674,595.1734125467074,560.0040832871713,665.0672392156199,563.8580414571597,开发!
804.4545658904711,542.4998308008733,830.4151300817815,543.9313009782976,802.8579260771902,571.4558447065656,828.8184902685006,572.8873148839899,且
969.2043001814791,551.584160772989,1013.1375626590811,554.0066487655532,967.6076603681981,580.5401746786813,1011.5409228458002,582.9626626712454,889
1120.9737523768317,559.9527556563925,1171.8963975213253,562.7606394659556,1119.3771125635508,588.9087695620848,1170.2997577080444,591.7166533716479,7.47
1279.7325872390759,568.706746356795,1411.5323746718823,575.9742103344875,1278.135947425795,597.6627602624872,1409.9357348586013,604.9302242401798,6640.83
1454.467153911357,578.341641781766,1495.4049666745773,580.5989601384736,1452.870514098076,607.2976556874584,1493.8083268612963,609.5549740441659,14%
1651.168351822439,589.1877812030193,1729.0500443963701,593.4821917352922,1649.571712009158,618.1437951087116,1727.4534045830892,622.4382056409845,929.72
1204.8034200958425,728.8242654208293,1386.5273694350149,738.8445566627993,1203.1517237372761,758.7787625646489,1384.8756730764485,768.7990538066189,￥33002.81
1531.3074389634767,746.827755729204,1694.0602067782297,755.8019726107485,1529.65574260491,776.7822528730236,1692.4085104196633,785.7564697545681,￥4620.39
1396.8724027799512,805.5152420132001,1578.5963521191236,815.5355332551701,1395.2207064213846,835.4697391570198,1576.944655760557,845.4900303989898,￥37623.20
642.1842443915532,760.8970440629428,953.7110146872774,778.0746861920342,640.8078307594145,785.8591250161257,952.3346010551386,803.0367671452173,叁万柒仟陆佰贰拾叁圆贰角
421.1013926720932,810.8006779545867,690.6918669664699,825.6659451816852,419.4496963135267,840.7551750984064,689.0401706079033,855.6204423255049,双敏电子科技有限公司
453.2880133192846,844.6240641143697,812.74197904512,864.4444204171675,451.6363169607181,874.5785612581894,811.0902826865536,894.3989175609872,75130400S094S70426
400.9964199656399,884.806016089567,876.2744413142445,911.0129316454886,399.3447236070733,914.7605132333867,874.6227449556782,940.9674287893083,黑龙江省关岭市淄川石街D座 879-7835043
399.06944088064563,919.7529294240233,974.1957860419825,951.4654995084999,397.41774452207915,949.707426567843,972.544089683416,981.4199966523195,汉口银行北京东三环支行 389005423277871614
281.766323958154,958.3531724319146,362.6434662464669,962.8127526000441,280.1146275995875,988.3076695757342,360.99176988790043,992.7672497438637,沈玉兰
698.1338342572468,981.3117518159887,752.0519291161222,984.2848052614083,696.4821378986803,1011.2662489598083,750.4002327575556,1014.239302405228,田燕
1074.5620150312468,1002.0680693886409,1128.480109890122,1005.0411228340606,1072.9103186726802,1032.0225665324606,1126.8284135315557,1034.99561997788,陈亮
354.5771037075764,68.56769707001325,634.5090518319035,74.74057478781555,353.5188960988103,116.5560310341836,633.4508442231374,122.7289087519859,3800226773
1609.6545546649213,124.25065764515898,1744.6217439391503,127.22686654481362,1609.1474968523876,147.24506766965732,1744.1146861266166,150.22127656931195,3800226773
1376.196438410275,97.09724248551277,1601.1417538673236,102.0575906516039,1375.1602767933582,144.08581949209628,1600.105592250407,149.04616765818741,60180638
1593.8645445945435,159.91121824054738,1715.834893420143,162.60082924616125,1593.2472568227631,187.9044130529801,1715.2176056483631,190.59402405859396,60180638
1507.8931335664402,203.0263720247671,1687.8493859320793,206.99465055764,1507.2758457946597,231.01956683719982,1687.2320981602988,234.9878453700727,1981年11月25日
442.78487919934037,241.55436806750527,650.7343263774119,246.1399343721584,442.1455454357108,270.5473198375249,650.0949926137824,275.13288614217805,维涛信息有限公司
466.96310144058856,279.09652529445236,749.8943204376765,285.33554098780246,466.3017216851097,309.0892340220588,749.2329406821976,315.32824971540896,418821394759847
437.91169901938963,326.46757148684253,914.7957677883329,336.9835095989556,437.38259521500663,350.4617384689277,914.2666639839499,360.9776765810408,澳门特别行政区海燕市静安袁街s座 330-8801242
439.98503823448004,368.5235016810395,883.8771274030561,378.3119220621259,439.3457044708505,397.5164534510591,883.2377936394266,407.3048738321455,EBA银行上海分行 925888488195816
1133.5287529244792,260.78717626571483,1699.3911909186552,273.2652076524151,1132.8453271771511,291.7796419509082,1698.707765171327,304.2576733376085,/-889<8++66-8*3<4*791+>474*
1132.8012351934526,293.779155866082,1698.6636731876283,306.2571872527823,1132.1178094461245,324.77162155127536,1697.9802474403004,337.2496529379756,>/6/335-++68<7>870*-<578252
1132.073717462426,326.7711354664491,1697.9361554566017,339.2491668531494,1131.3902917150979,357.7636011516425,1697.2527297092738,370.24163253834274,<1802/-9321-27<>/999+/84710
1131.3461997313993,359.7631150668162,1697.208637725575,372.24114645351654,1130.6627739840712,390.7555807520096,1696.525211978247,403.2336121387099,2+5+0012-791/>>>557>9305-05
187.26031654037945,443.97027129140423,499.1844873074871,450.8486207483839,186.62098277675,472.96322306142383,498.54515354385757,479.8415725184035,我的孩子国内影响决定政府
598.1604261085886,453.031173941464,668.1434131396703,454.57439337091455,597.521092344959,482.0241257114836,667.5040793760409,483.56734514093415,如何+
806.1098732866602,457.6167402461171,832.1035541839192,458.18993603419875,805.4705395230307,486.6096920161367,831.4642204202896,487.18288780421835,这
983.0668547795385,461.51888080344213,1015.0590774223188,462.2243525426195,982.427521015909,490.5118325734617,1014.4197436586892,491.2173043126391,93
1123.0328288417022,464.6053196623432,1174.0204336786333,465.7296652466572,1122.3934950780726,493.5982714323628,1173.3810999150037,494.7226170166768,97.3
1294.9910255466461,468.3972302604218,1413.9621034994852,471.02070329048775,1294.3516917830166,497.39018203044134,1413.3227697358557,500.0136550605073,9048.90
1456.951652675721,471.96868094000735,1497.9416879367832,472.8725666058284,1456.3123189120915,500.96163271002695,1497.3023541731536,501.865518375848,12%
1640.9069328717076,476.0251434402774,1731.8848160121138,478.03132869856313,1640.2675991080782,505.018095210297,1731.2454822484844,507.02428046858273,1085.87
186.59893678490073,473.96298001901073,498.52310755200824,480.8413294759904,185.95960302127116,502.95593178903033,497.88377378837873,509.83428124601,的话当然位置状态公司人民
597.4990463531096,483.0238826690705,667.4820333841915,484.56710209852105,596.8597125894802,512.0168344390901,666.8426996205619,513.5600538685406,应该~
805.4484935311814,487.6094489737236,831.4421744284404,488.18264476180525,804.8091597675518,516.6024007437431,830.8028406648108,517.1755965318248,经
982.4054750240597,491.51158953104857,1014.3976976668399,492.217061270226,981.7661412604301,520.5045413010682,1013.7583639032105,521.2100130402456,93
1096.3777681889644,494.02483260186807,1173.3590539231543,495.7223739742637,1095.7384344253348,523.0177843718877,1172.7197201595247,524.7153257442833,405.57
1268.335964893908,497.8167431999466,1413.3007237440063,501.0134120180942,1267.6966311302788,526.8096949699662,1412.6613899803767,530.0063637881138,37718.01
1456.2902729202424,501.96138966761384,1497.2803081813045,502.8652753334349,1455.6509391566128,530.9543414376335,1496.640974417675,531.8582271034545,12%
1640.2455531162288,506.0178521678839,1731.223436256635,508.0240374261696,1639.6062193525993,535.0108039379035,1730.5841024930055,537.0169891961892,4526.16
185.9375570294219,503.9556887466172,497.8617277965294,510.8340382035969,185.29822326579233,532.9486405166368,497.2223940328999,539.8269899736165,经营阅读深圳当前科技搜索
596.8376665976309,513.016591396677,666.8206536287126,514.5598108261275,596.1983328340013,542.0095431666966,666.1813198650832,543.5527625961472,组织g
804.7871137757026,517.60215770133,830.7807946729615,518.1753534894117,804.1477800120731,546.5951094713497,830.141460909332,547.1683052594313,复
969.7470117775383,521.2397463564636,1013.7363179113611,522.2097699978325,969.1076780139088,550.2326981264831,1013.0969841477316,551.202721767852,578
1121.7100693307445,524.5907371175562,1172.6976741676756,525.7150827018702,1121.070735567115,553.5836888875758,1172.058340404046,554.7080344718898,0.59
1293.6682660356882,528.3826477156348,1412.6393439885273,531.0061207457007,1293.028932272059,557.3755994856543,1412.000010224898,559.9990725157203,341.02
1455.6288931647634,531.9540983952203,1496.6189284258257,532.8579840610414,1454.9895594011339,560.94705016524,1495.9795946621962,561.850935831061,12%
1665.577854258009,536.583756683572,1730.5620565011563,538.0167461537761,1664.9385204943794,565.5767084535917,1729.9227227375268,567.0096979237958,40.92
185.27617727394306,533.9483974742237,549.1877098355685,541.9731385073667,184.6368435103135,562.9413492442434,548.5483760719391,570.9660902773862,不要当前为了学生因此一切之间
596.1762868421521,543.0093001242835,666.1592738732338,544.552519553734,595.5369530785226,572.0022518943031,665.5199401096044,573.5454713237536,专业g
804.1257340202237,547.5948664289366,830.1194149174827,548.1680622170182,803.4864002565942,576.5878181989561,829.4800811538532,577.1610139870378,的
993.0797990041447,551.7615588884531,1013.0749381558824,552.2024787254389,992.4404652405151,580.7545106584727,1012.4356043922528,581.1954304954586,5
1121.0486895752656,554.5834458451627,1172.0362944121966,555.7077914294767,1120.409355811636,583.5763976151823,1171.396960648567,584.7007431994963,0.59
1319.0005671774686,558.9485522313229,1411.9779642330486,560.9988294733072,1318.361233413839,587.9415040013425,1411.338630469419,589.9917812433268,2.95
1454.9675134092847,561.9468071228268,1495.9575486703468,562.8506927886478,1454.3281796456552,590.9397588928464,1495.3182149067172,591.8436445586675,12%
1677.9133149511595,566.8630633052194,1729.9006767456776,568.0094548813826,1677.27398118753,595.8560150752389,1729.261342982048,597.0024066514022,0.35
1210.4105439675616,720.5938641313958,1392.3663102483742,724.6062346479673,1209.7491642120829,750.5865728590023,1391.7049304928955,754.5989433755738,￥47110.88
1537.3310690984724,727.8029034661149,1700.2914531851343,731.3964001375498,1536.6696893429935,757.7956121937214,1699.6300734296556,761.3891088651562,￥5653.31
1404.9078721925373,790.8988377345918,1586.86363847335,794.9112082511632,1404.2464924370586,820.8915464621982,1586.2022587178712,824.9039169787698,￥52764.19
649.1577502324017,771.232797023765,1013.069282794027,779.257538056908,648.6066004361692,796.2267209634371,1012.5181329977947,804.25146199658,伍万贰仟柒佰陆拾肆圆壹角玖分
429.84388198380486,828.4117021710057,672.7848226774174,833.7688781903842,429.18250222832603,858.4044108986122,672.1234429219387,863.7615869179906,泰麒麟科技有限公司
463.13014680258146,861.1534885366619,763.0572340786464,867.76728609145,462.46876704710263,891.1461972642685,762.3958543231676,897.7599948190566,958W11062210170
412.1943212737177,903.0407381204332,915.0720709399199,914.129872020628,411.5329415182389,933.0334468480397,914.410691184441,944.1225807482344,江西省石家庄县平山深圳街f座 294-1370109
411.42271155899243,938.0322316359741,906.3024055644995,948.9449976013746,410.7613318035136,968.0249403635806,905.6410258090207,978.937706328981,招商银行城北支行 684894330398544838
295.4585918032826,980.4860056647151,376.4389053678202,982.271731004508,294.7972120478038,1010.4787143923215,375.7775256123414,1012.2644397321144,陈淑英
712.3572431170129,989.6791842658706,766.3441188267045,990.8696678257324,711.6958633615341,1019.6718929934771,765.6827390712258,1020.8623765533389,刘明
1089.2656161272678,997.9905231930543,1143.2524918369595,999.1810067529161,1088.604236371789,1027.9832319206607,1142.5911120814808,1029.1737154805228,马辉
394.737491560531,22.542411005310555,673.3151169002235,50.729405525796324,389.9054353570191,70.29857534925787,668.4830606967116,98.48556986974359,1975789667
1641.5384257751034,176.83897753117282,1775.8526379924551,190.42913560354987,1639.2230655109206,199.7221396126476,1773.5372777282723,213.31229768502465,1975789667
1410.9418170249699,131.39446154807683,1634.7988373872226,154.04472500203855,1406.210428659031,178.15570580152524,1630.0674490212841,200.80596925548696,04326061
1622.9905822649857,211.14608322553585,1744.3708333058519,223.42755940946176,1620.1718828129374,239.0038457595051,1741.5521338538033,251.28532194343103,04326061
1533.8923218817868,247.36072110426755,1712.9779381715891,265.48093186743694,1531.0736224297382,275.2184836382368,1710.1592387195406,293.3386944014062,1987年12月22日
469.0559396614191,201.93518753735378,727.7351631911336,228.10882530637627,466.13657237179734,230.78787016182196,724.8157959015118,256.96150793084445,飞海科技网络有限公司
490.2042319336845,241.26392682514228,771.7666175448738,269.75292485834746,487.18419680648964,271.1115295401093,768.7465824176788,299.6005275733145,452925298059932
457.51441319620346,286.201391717041,994.7712620656105,340.5620240065491,455.09838509444756,310.07947388901465,992.3552339638546,364.4401061785228,新疆维吾尔自治区辽阳县六枝特深圳街Z座 172-7540683
456.2711242896273,328.2900390307144,872.1477221181683,370.36919513629664,453.3517570000056,357.1427216551825,869.2283548285466,399.22187776076476,招商银行上海分行 216364923836036
1156.1430508458677,275.4763436624052,1719.267822068246,332.4543397288156,1153.0223478810994,306.3188664678712,1716.147119103478,363.29686253428156,5-1<3904-9<>>6/538+397305<9
1152.8210122059531,308.308706648869,1715.9457834283317,365.2867027152794,1149.700309241185,339.15122945433495,1712.8250804635636,396.1292255207453,>7297<630->*/-296<<<3<915/8
1149.4989735660388,341.14106963533277,1712.6237447884173,398.1190657017431,1146.3782706012707,371.9835924407987,1709.5030418236493,428.9615885072091,64+*8+402>-40+/60/<45-<+7-<
1146.1769349261244,373.9734326217965,1709.301706148503,430.9514286882069,1143.0562319613564,404.81595542726245,1706.181003183735,461.79395149367286,3467+158>><---/1--6/704++/*
198.39208673097676,383.61093913026144,560.542999672577,420.2540320068929,195.47271944135503,412.4636217547296,557.6236323829553,449.106714631361,但是生活增加注意进行地址等级
607.3042439260254,424.9854203728315,676.9486502609485,432.03216900295297,604.3848766364036,453.8381029972997,674.0292829713268,460.8848516274211,在线!
814.247622749797,445.9243305880495,840.1155451027685,448.54169436495175,811.3282554601752,474.77701321251766,837.1961778131467,477.3943769894199,作
978.4094376821158,462.5345237876214,1022.1859216640676,466.9639086408406,975.4900703924941,491.3872064120896,1019.2665543744457,495.8165912653088,594
1116.7033302614632,476.52735321029115,1180.3782160533929,482.97009481497355,1113.7839629718414,505.38003583475927,1177.4588487637711,511.8227774394417,58.77
1274.8956246507887,492.5335393844241,1419.1590377731295,507.13037583253276,1271.976257361167,521.3862220088922,1416.2396704835078,535.9830584570009,34909.38
1461.9406016645821,511.4590928481788,1502.7323253750374,515.5864741886785,1459.0212343749604,540.3117754726469,1499.8129580854156,544.4391568131466,12%
1645.0058983163801,529.9819749616408,1735.54362655178,539.1427481807987,1642.0865310267584,558.834657586109,1732.6242592621584,567.9954308052668,4189.13
195.37205160378176,413.4585418452285,454.0512751334963,439.63217961425096,192.45268431416002,442.31122446969664,451.13190784387456,468.4848622387191,标准生产更新控制不是
604.2842087988305,454.8330230877986,673.9286151337536,461.87977171792,601.3648415092088,483.6857057122668,671.0092478441319,490.7324543423882,这种/
811.2275876226021,475.77193330301657,837.0955099755736,478.38929707991883,808.3082203329803,504.6246159274847,834.1761426859518,507.24197970438695,成
963.4503614689341,491.1741124517105,1019.1658865368726,496.8115113558077,960.5309941793124,520.0267950761787,1016.2465192472508,525.6641939802759,1838
1126.617256310754,507.6836378137093,1177.358180926198,512.8176975299407,1123.6978890211324,536.5363204381774,1174.4388136365762,541.6703801544088,2.25
1297.7435118765652,524.9985058762934,1416.1390026459344,536.9779785474998,1294.8241445869435,553.8511885007615,1413.2196353563127,565.8306611719679,4135.50
1458.9205665373872,541.3066955631458,1499.7122902478422,545.4340769036455,1456.0011992477655,570.159378187614,1496.7929229582205,574.2867595281136,12%
1654.919824365671,561.138259565059,1732.5235914245852,568.9903508957657,1652.0004570760493,589.9909421895271,1729.6042241349635,597.8430335202339,496.26
192.35201647658687,443.30614456019555,399.29539530035845,464.24505477541356,189.43264918696514,472.1588271846637,396.3760280107367,493.0977373998817,电话记者直接文件
601.2641736716356,484.6806258027657,670.9085800065587,491.7273744328871,598.3448063820139,513.5333084272338,667.989212716937,520.5800570573552,电影-
808.2075524954072,505.6195360179836,834.0754748483787,508.23689979488586,805.2881852057855,534.4722186424518,831.156107558757,537.089582419354,能
960.4303263417391,521.0217151666776,1016.1458514096777,526.6591140707748,957.5109590521174,549.8743977911457,1013.2264841200559,555.5117966952429,1838
1123.5972211835592,537.5312405286763,1174.338145799003,542.6653002449077,1120.6778538939375,566.3839231531446,1171.4187785093814,571.5179828693758,2.25
1294.7234767493703,554.8461085912604,1413.1189675187397,566.8255812624668,1291.8041094597486,583.6987912157286,1410.199600229118,595.678263886935,4135.50
1455.9005314101923,571.1542982781128,1496.6922551206474,575.2816796186125,1452.9811641205706,600.0069809025811,1493.7728878310256,604.1343622430808,12%
1651.899789238476,590.985862280026,1729.5035562973903,598.8379536107328,1648.9804219488542,619.8385449044941,1726.5841890077686,627.6906362352009,496.26
189.33198134939198,473.15374727516263,551.4828942909924,509.7968401517941,186.41261405977025,502.0064298996308,548.5635270013706,538.6495227762622,需要关于非常建设过程成为记者
598.2441385444407,514.5282285177327,667.8885448793638,521.5749771478542,595.324771254819,543.3809111422008,664.9691775897421,550.4276597723223,成为h
805.1875173682123,535.4671387329506,831.0554397211838,538.0845025098529,802.2681500785906,564.3198213574188,828.1360724315621,566.9371851343211,人
993.2274144725047,554.4933600342786,1013.1258162824828,556.5067167857418,990.308047182883,583.3460426587467,1010.206448992861,585.3593994102099,5
1120.577186056364,567.3788432436434,1171.3181106718082,572.5129029598747,1117.6578187667424,596.2315258681116,1168.3987433821865,601.3655855843429,2.25
1304.6374027986612,586.0023931946786,1410.0989323915446,596.673183977434,1301.7180355090395,614.8550758191468,1407.179565101923,625.5258666019021,11.25
1452.8804962829975,601.00190099308,1493.6722199934525,605.1292823335797,1449.9611289933757,629.8545836175481,1490.7528527038307,633.9819649580478,12%
1674.7476764642524,623.4508287718953,1726.4835211701954,628.6855563256998,1671.8283091746307,652.3035113963635,1723.5641538805737,657.538238950168,1.35
1196.5952291107633,739.9078469797676,1377.6706855815635,758.2293934180832,1193.5751939835684,769.7554496947346,1374.6506504543686,788.0769961330502,￥43191.63
1521.9340987039043,772.8262298661919,1684.1060734552252,789.2350873906175,1518.9140635767094,802.673832581159,1681.0860383280306,819.0826901055846,￥5183.00
1384.9554895687193,825.3034691170351,1566.0309460395194,843.6250155553507,1381.9354544415244,855.1510718320021,1563.0109109123246,873.4726182703178,￥48374.63
633.097904664269,746.2138236402269,995.2488176058692,782.8569165168583,630.5812087249399,771.0868259026995,992.7321216665401,807.7299187793309,肆万捌仟叁佰柒拾肆圆陆角叁分
409.96391900597223,785.9532806602093,678.5923434406757,813.1335968049634,406.94388387877734,815.8008833751762,675.5723083134808,842.9811995199304,飞海科技科技有限公司
440.5698312805936,821.2134300336617,798.7410638601983,857.4538515600004,437.5497961533987,851.0610327486288,795.7210287330034,887.3014542749675,8669833921B51B2559
386.4951097400026,858.9616020464563,833.2142303740095,904.1614611168065,383.4750746128077,888.8092047614234,830.1941952468146,934.0090638317737,贵州省西安县金平张路a座 049-0448118
382.9717354249419,893.7838052139178,956.0457075523093,951.7684796560599,379.95170029774704,923.631407928885,953.0256724251144,981.616082371027,招商银行北京东三环支行 902422122216265423
264.0258723267757,926.9784079654546,344.6143996571867,935.1325028088809,261.0058371995808,956.8260106804217,341.5943645299918,964.980105523848,傅桂英
678.9075500648179,968.9568962334638,732.6332349517586,974.3929594624146,675.887514937623,998.8044989484308,729.6131998245637,1004.2405621773817,曲晶
1053.992424182904,1006.9086709985463,1107.7181090698446,1012.3447342274972,1050.972389055709,1036.7562737135133,1104.6980739426497,1042.1923369424642,丁秀梅
404.52578670317666,11.569417884513996,682.4916511012284,45.258855835359896,398.7504544830316,59.22070892418003,676.7163188810833,92.91014687502593,6639795392
1648.0322917793528,190.48719741811368,1782.0515478284133,206.73031928727153,1645.2649450905333,213.32010770795364,1779.284201139594,229.56322957711149,6639795392
1418.3792752285474,140.4922777850598,1641.7447019769818,167.5641475669895,1412.7242624296555,187.15083359473277,1636.0896891780899,214.22270337666248,37181132
1628.8097641643483,224.42087437906787,1749.9234622234994,239.09984377193643,1625.4408203692637,252.21746081887306,1746.554518428415,266.89643021174163,37181132
1539.0128956585538,258.86680892224797,1717.7052370573015,280.5243047477918,1535.6439518634693,286.6633953620531,1714.3362932622167,308.32089118759694,1972年06月04日
475.2828068282698,192.39652896860207,681.7717346668226,217.4229685892305,471.79354361193225,221.18585063840032,678.282471450485,246.2122902590287,恩悌网络有限公司
495.6493689917341,232.1357180096702,776.593439079765,266.1861142242752,492.0397863541435,261.91777490946146,772.9838564421743,295.96817112406643,438662280800293
462.0774503317839,276.41806525425164,914.764715208611,331.28372134562926,459.18978422171136,300.2437107740846,911.8770490985386,355.1093668654622,广西壮族自治区龙县朝阳储街D座 981-9517531
460.00224032913616,318.4739031777184,1019.9049100452119,386.33405676442237,456.5129771127986,347.26322484751665,1016.4156468288742,415.12337843422057,EBA银行北京东三环支行 725264708137752020
1160.7815730684497,279.5081899744119,1722.6697132445115,347.6089824036218,1157.051671009606,310.2829821041962,1718.9398111856678,378.38377453340615,920397<52720-051+++919>7<<<
1156.8110321671002,312.2684525641822,1718.6991723431618,380.36924499339216,1153.0811301082565,343.0432446939666,1714.969270284318,411.14403712317653,7122*+535*91/184+06250-253-
1152.8404912657504,345.0287151539526,1714.728631441812,413.12950758316254,1149.1105892069068,375.80350728373696,1710.9987293829686,443.9042997129469,*+/0325*0/3992831088<75072*
1148.8699503644007,377.788977743723,1710.7580905404625,445.88977017293297,1145.140048305557,408.56376987350734,1707.0281884816186,476.6645623027173,026**>12*922+3239//21843*20
201.07982447938787,368.68528207264654,459.1909842775788,399.96833159843203,197.5905612630503,397.47460374244474,455.7017210612412,428.75765326823023,浏览他的选择下载方法
609.0940040065282,418.13656420763823,678.5854701060412,426.5589236953497,605.6047407901906,446.92588587743643,675.0962068897035,455.34824536514793,直接/
815.5829318450809,443.1630038282666,841.3940478249,446.29130878084516,812.0936686287433,471.95232549806485,837.9047846085624,475.0806304506434,行
1003.2098903137659,465.9033744450876,1023.0645949136267,468.309762870148,999.7206270974282,494.69269611488585,1019.575331697289,497.09908453994626,4
1130.2799997528753,481.3042603654743,1180.9094964825204,487.4405508493784,1126.7907365365377,510.0935820352725,1177.4202332661828,516.2298725191766,5.79
1313.936017301588,503.5633532972832,1419.1659516808504,516.3172119501035,1310.4467540852504,532.3526749670814,1415.6766884645128,545.1065336199017,23.16
1461.8535665705513,521.4909470639833,1502.555711000266,526.4240433353572,1458.3643033542135,550.2802687337816,1499.0664477839284,555.2133650051554,1%
1683.2335228589995,548.3221780034071,1734.8557548186377,554.5787879085642,1679.744259642662,577.1114996732052,1731.3664916023004,583.3681095783624,0.23
197.47024184179725,398.4673389724378,558.8258655592646,442.26360830853747,193.98097862545967,427.25666064223606,555.3366023429269,471.05292997833567,一下以及提高必须看到同时设计
605.4844213689375,447.9186211074295,674.9758874684505,456.34098059514093,601.9951581526,476.7079427772277,671.4866242521128,485.1303022649392,工程h
811.9733492074903,472.94506072805785,837.7844651873094,476.0733656806364,808.4840859911526,501.73438239785605,834.2952019709717,504.8626873504346,国
975.7746621563422,492.7977652348063,1019.4550122760361,498.09181976993926,972.2853989400046,521.5870869046046,1015.9657490596984,526.8811414397375,100
1126.6704171152846,511.08631726526556,1177.2999138449297,517.2226077491696,1123.1811538989468,539.8756389350638,1173.8106506285922,546.0119294189678,5.79
1310.3264346639974,533.3454101970744,1415.5563690432598,546.0992688498947,1306.8371714476598,562.1347318668727,1412.0671058269222,574.8885905196929,579.00
1458.2439839329606,551.2730039637746,1498.9461283626754,556.2061002351485,1454.754720716623,580.0623256335729,1495.4568651463378,584.9954219049467,1%
1679.623940221409,578.1042349031983,1731.2461721810473,584.3608448083554,1676.1346770050714,606.8935565729965,1727.7569089647095,613.1501664781537,5.79
193.86065920420663,428.24939587222906,451.9718190023975,459.53244539801454,190.37139598786894,457.03871754202726,448.48255578605995,488.32176706781274,价格开始作者所有资源
601.8748387313469,477.70067800722074,671.3663048308598,486.1230374949322,598.3855755150094,506.48999967701894,667.8770416145222,514.9123591647304,法律-
808.3637665698997,502.7271176278491,834.1748825497187,505.85542258042767,804.874503353562,531.5164392976474,830.685619333381,534.6447442502259,原
972.1650795187516,522.5798221345976,1015.8454296384454,527.8738766697305,968.675816302414,551.3691438043958,1012.3561664221078,556.6631983395288,100
1110.1552764877845,539.3042216887676,1173.690331207339,547.0046646489609,1106.666013271447,568.0935433585657,1170.2010679910015,575.7939863187592,82.97
1293.8112940364972,561.5633146205764,1411.9467864056692,575.881325749686,1290.3220308201596,590.3526362903747,1408.4575231893316,604.6706474194842,8297.00
1454.63440129537,581.0550608635658,1495.3365457250848,585.9881571349397,1451.1451380790322,609.8443825333641,1491.847282508747,614.7774788047379,1%
1663.1087995939088,606.3221393267003,1727.6365895434565,614.1429017081466,1659.619536377571,635.1114609964985,1724.147326327119,642.9322233779449,82.97
190.251076566616,458.0314527720203,396.74000440516875,483.0578923926487,186.76181335027832,486.82077444181857,393.25074118883106,511.84721406244694,帮助以及投资以下
598.2652560937563,507.482734907012,667.7567221932692,515.9050943947235,594.7759928774187,536.2720565768102,664.2674589769316,544.6944160645216,欢迎g
804.7541839323089,532.5091745276404,830.5652999121281,535.637479480219,801.2649207159714,561.2984961974386,827.0760366957904,564.4268011500171,使
968.5554968811609,552.3618790343888,1012.2358470008547,557.6559335695218,965.0662336648234,581.1512007041871,1008.7465837845172,586.44525523932,480
1119.4512518401034,570.6504310648481,1170.0807485697485,576.7867215487522,1115.9619886237656,599.4397527346463,1166.591485353411,605.5760432185504,5.79
1290.2017113989066,591.3453715203677,1408.3372037680786,605.6633826494772,1286.712448182569,620.134693190166,1404.847940551741,634.4527043192754,2779.20
1451.0248186577792,610.8371177633571,1491.7269630874941,615.770214034731,1447.5355554414418,639.6264394331554,1488.2376998711566,644.5595357045293,1%
1659.4992169563182,636.1041962264916,1724.027006905866,643.9249586079379,1656.0099537399806,664.8935178962897,1720.5377436895283,672.7142802777362,27.79
1192.0432431439608,744.648714960238,1372.7210550026944,766.5468496282878,1188.4336605063702,774.4307718600292,1369.1114723651037,796.328906528079,￥11678.36
1516.6676633516854,783.9931657099758,1659.6215364706836,801.3191623704108,1513.058080714095,813.7752226097671,1656.0119538330928,831.1012192702021,￥116.78
1378.6782664198977,833.7518467053708,1559.3560782786312,855.6499813734207,1375.0686837823068,863.5339036051621,1555.7464956410406,885.4320382732119,￥11795.14
628.531390808917,739.8121585481077,989.8870145263842,783.6084278842075,625.5234052775913,764.6305392979339,986.8790289950587,808.4268086340335,壹万壹仟柒佰玖拾伍圆壹角肆分
404.6553065527464,775.1321089745178,699.4976698606799,810.866977086665,401.0457239151558,804.914165874309,695.8880872230893,840.6490339864563,济南亿次元信息有限公司
434.55808289241327,810.9904966568978,791.9427656899084,854.3054883079853,430.94850025482253,840.772553556689,788.3331830523177,884.0875452077767,1383944599911168M1
379.74758627888116,847.6621404839475,905.8972581751934,911.4314337480487,376.13800364129054,877.4441973837388,902.2876755376028,941.21349064784,西藏自治区武汉县兴山淮安路F座 111-6911769
375.53640653502544,882.4078735337041,825.2454657218734,936.9125713613225,371.9268238974348,912.1899304334953,821.6358830842828,966.6946282611138,招商银行城北支行 702667417481534
255.95748112943966,913.2442254392935,309.56518354906393,919.7414741869566,252.34789849184904,943.0262823390847,305.9556009114733,949.5235310867479,陈刚
669.9280720365382,963.4174241018032,750.3396256659746,973.1632972232981,666.3184893989476,993.1994810015944,746.730043028384,1002.9453541230893,何秀梅
1044.189253743915,1008.7778459141922,1124.6008073733515,1018.523719035687,1040.5796711063244,1038.5599028139836,1120.9912247357609,1048.3057759354783,吴丽丽
320.90670279061794,112.38378257369243,600.5613327927722,98.48098003757917,323.2900403682373,160.32457628834743,602.9446703703917,146.42177375223417,5418591339
1576.7477519110357,77.98524562619974,1711.581234233503,71.28210868914516,1577.8897678336452,100.95687594780526,1712.7232501561125,94.25373901075068,5418591339
1341.9440194956837,67.63115253121083,1566.6664900331293,56.45925763611979,1344.2777042071027,114.5731797101439,1569.000174744548,103.40128481505286,67673348
1563.5537570584208,114.68563390519705,1685.4032744165024,108.62798422874772,1564.9440373120322,142.6510969054125,1686.7935546701137,136.59344722896316,67673348
1480.8929805010707,163.85062163972054,1660.670956931027,154.91310572364773,1482.283260754682,191.81608463993598,1662.0612371846382,182.87856872386317,1988年11月22日
421.2838641973093,278.6047964917137,680.963163485024,265.69505127960855,422.723797317121,307.56902602765115,682.4030966048358,294.65928081554597,合联电子信息有限公司
448.0901836397737,314.3178366584169,730.741113249094,300.2660755237024,449.57976962578584,344.28083273007627,732.2306992351062,330.2290715953618,030635146747278
422.5080582171777,363.64891062668323,815.0233067559158,344.1353342099243,423.69972700598737,387.61930748401073,816.2149755447255,368.1057310672518,江西省通辽市孝南孙街p座 850-6848356
427.5897782047606,405.4481465284052,887.0223846368714,382.6078280762191,429.0297113245724,434.4123760643426,888.4623177566831,411.5720576121565,汉口银行上海分行 924247722863613543
1111.6301518459989,248.28973209012213,1676.9320110646395,220.18620982069314,1113.1693906982114,279.2514946975035,1678.471249916852,251.14797242807452,558614*96/3+4*<*798+02<0>0+
1113.2686964306122,281.2490277689475,1678.5705556492528,253.1455054995185,1114.807935282825,312.2107903763289,1680.1097945014653,284.1072681068999,+26<+1<--1<<942>37324-<3703
1114.9072410152257,314.20832344777284,1680.2091002338661,286.10480117834385,1116.4464798674383,345.1700860551542,1681.7483390860789,317.0665637857252,<//063>4*-/461>0+>6>96/>03>
1116.545785599839,347.16761912659814,1681.8476448184797,319.06409685716915,1118.0850244520516,378.12938173397947,1683.386883670692,350.02585946455054,434<2<+12385-*72521*>/2706-
180.92125990077636,498.8111053381871,492.53641904603415,483.31941108366084,182.3611930205882,527.7753348741245,493.97635216584587,512.2836406195983,销售法律情况中国参加看到
591.4143060825102,478.40377732982085,661.3279635830488,474.92807669579247,592.8542392023219,507.3680068657582,662.7678967028605,503.8923062317299,任何*
799.1577455126819,468.0759811601367,825.1256754414535,466.7850066389261,800.5976786324936,497.0402106960741,826.5656085612652,495.74923617486354,方
975.9394223354724,459.2874238426651,1007.8999514785758,457.6985321242521,977.3793554552841,488.2516533786025,1009.3398845983875,486.6627616601895,69
1102.782772372164,452.98150983521367,1166.7038306583706,449.80372639838777,1104.2227054919756,481.9457393711511,1168.1437637781823,478.7679559343252,62.09
1274.5706165163444,444.4412168487441,1406.4077992316456,437.8870385102907,1276.0105496361562,473.4054463846815,1407.8477323514574,466.85126804622814,4284.21
1449.3547602676908,435.7519652636733,1490.3041882322918,433.7161977494567,1450.7946933875025,464.7161947996107,1491.7441213521038,462.68042728539416,6%
1646.1117678049209,425.9703506221936,1724.0155575912354,422.09742705856206,1647.5517009247326,454.93458015813104,1725.455490711047,451.0616565944995,257.05
182.4108458867886,528.7741014098465,494.02600503204627,513.2824071553202,183.8507790066003,557.7383309457839,495.46593815185804,542.2466366912577,国家时间最后工作免费标准
592.9038920685223,508.3667734014802,662.8175495690609,504.8910727674519,594.343825188334,537.3310029374177,664.2574826888726,533.8553023033893,自己+
800.647331498694,498.0389772317961,826.6152614274656,496.7480027105855,802.0872646185059,527.0032067677334,828.0551945472773,525.712232246523,的
965.4438098928208,489.8462543087293,1009.3895374645879,487.6615281959115,966.8837430126325,518.8104838446667,1010.8294705843996,516.6257577318489,971
1104.272358358176,482.9445059068731,1168.1934166443828,479.76672247004717,1105.7122914779877,511.9087354428105,1169.6333497641945,508.7309520059846,62.09
1263.0762375379709,475.0497001810088,1407.8973852176578,467.8500345819501,1264.5161706577824,504.01392971694617,1409.3373183374697,496.81426411788755,60289.39
1450.844346253703,465.7149613353327,1491.7937742183042,463.67919382111614,1452.2842793735147,494.6791908712701,1493.233707338116,492.6434233570535,6%
1634.6173888265473,456.5788339544583,1725.5051435772475,452.06042313022147,1636.057321946359,485.5430634903957,1726.9450766970592,481.0246526661589,3617.36
183.9004318728007,558.7370974815059,495.51559101805844,543.2454032269796,185.34036499261242,587.7013270174433,496.95552413787016,572.2096327629171,汽车根据包括应用以后一点
594.3934780545344,538.3297694731397,664.307135555073,534.8540688391113,595.8334111743461,567.293999009077,665.7470686748848,563.8182983750487,合作~
802.1369174847063,528.0019733034554,828.1048474134777,526.7109987822449,803.576850604518,556.9662028393928,829.5447805332894,555.6752283181823,可
978.9185943074966,519.2134159859838,1010.8791234506,517.6245242675709,980.3585274273084,548.1776455219212,1012.3190565704117,546.5887538035083,69
1105.7619443441881,512.9075019785325,1169.6830026303949,509.7297185417066,1107.2018774639998,541.8717315144698,1171.1229357502066,538.693948077644,62.09
1277.5497884883687,504.3672089920629,1409.3869712036699,497.81303065360953,1278.9897216081804,533.3314385280003,1410.8269043234818,526.777260189547,4284.21
1452.333932239715,495.6779574069921,1493.2833602043163,493.6421898927755,1453.7738653595268,524.6421869429295,1494.723293324128,522.6064194287129,6%
1649.090939776945,485.8963427655124,1726.9947295632596,482.02341920188087,1650.5308728967568,514.8605723014498,1728.4346626830713,510.9876487378183,257.05
185.39001785881283,588.7000935531653,548.9410368616136,570.626450256218,186.82995097862454,617.6643230891027,550.3809699814253,599.5906797921555,以上他的教育希望主题不能业务
595.8830640405465,568.292765544799,665.7967215410852,564.8170649107707,597.3229971603582,597.2569950807364,667.2366546608969,593.7812944467081,大学*
803.6265034707184,557.9649693751148,829.5944333994898,556.6739948539043,805.0664365905301,586.9291989110523,831.0343665193016,585.6382243898418,个
980.4081802935088,549.1764120576432,1012.3687094366121,547.5875203392303,981.8481134133206,578.1406415935807,1013.8086425564239,576.5517498751677,69
1133.2194602589718,541.5795235289813,1171.172588616407,539.692714613366,1134.6593933787835,570.5437530649187,1172.6125217362187,568.6569441493034,8.3
1305.0073044031524,533.0392305425117,1410.876557189682,527.7760267252689,1306.4472375229639,562.0034600784492,1412.316490309494,556.7402562612064,572.70
1453.8235182257272,525.6409534786515,1494.7729461903284,523.6051859644349,1455.263451345539,554.6051830145889,1496.2128793101401,552.5694155003723,6%
1663.5644907273431,515.2138515765665,1728.4843155492717,511.9864152735403,1665.0044238471546,544.178081112504,1729.9242486690835,540.9506448094777,34.36
1221.2638531735965,701.4050060913537,1403.0393626749967,692.3681844428801,1222.7534391596087,731.3680021630131,1404.5289486610088,722.3311805145395,￥69430.51
1547.8605103546838,685.1685188438214,1710.6594556773666,677.0751016531555,1549.350096340696,715.1315149154808,1712.1490416633787,707.0380977248149,￥4165.83
1420.2991833443311,757.591635673725,1602.0746928457315,748.5548140252514,1421.7887693303433,787.5546317453844,1603.5642788317436,778.5178100969108,￥73596.34
665.0827237399133,792.132902914065,1028.6337427427138,774.0592596171177,666.3240453949234,817.1020663071145,1029.875064397724,799.0284230101672,柒万叁仟伍佰玖拾陆圆叁角肆分
450.4300966569467,864.8807529605159,720.0970613018812,851.4744790864067,451.9196826429589,894.8437490321753,721.5866472878934,881.437475158066,通际名联网络有限公司
485.977050589907,895.1530846528055,785.6070113065009,880.2572247926842,487.4666365759191,925.1160807244648,787.096597292513,910.2202208643434,36651Q521622674
438.1737970504254,940.5826889988708,994.4867574475682,912.9260425252455,439.66338303643755,970.5456850705302,995.9763434335803,942.8890385969049,澳门特别行政区太原市怀柔祝路i座 877-3181705
439.91164736743957,975.5395177491401,934.3010825498195,950.9613489799399,441.4012333534517,1005.5025138207995,935.7906685358317,980.9243450515993,汉口银行城北支行 893688985352536942
327.2878747384301,1026.1940914696759,408.18796413191046,1022.172209307443,328.7774607244422,1056.1570875413352,409.6775501179226,1052.1352053791024,闻淑华
743.7735201344956,1005.4888462641071,824.6736095279759,1001.4669641018743,745.2631061205078,1035.4518423357665,826.1631955139882,1031.4299601735338,张春梅
1120.308504101682,986.7697157065545,1201.2085934951624,982.7478335443218,1121.7980900876942,1016.732711778214,1202.6981794811745,1012.7108296159812,王燕
