390.9361884367378,25.942821688171534,669.6753466568939,52.48489535845556,386.3861186646891,73.72667738305546,665.1252768848451,100.26875105333943,8026061320
1638.6262050858381,172.87689654546108,1773.0182992276991,185.673967779348,1636.4459633200647,195.77332739925964,1770.8380574619257,208.57039863314657,8026061320
1407.7653572188015,128.79437254656864,1631.7521807885698,150.12282460304687,1403.3100805670038,175.58273124780908,1627.2969041367721,196.9111833042873,36677148
1620.2811978521504,207.29289151285883,1741.731831076647,218.85765218348257,1617.626990485122,235.16680733487442,1739.0776237096186,246.73156800549816,36677148
1531.3982629811644,244.03284100547626,1710.5877218369792,261.0956026506588,1528.744055614136,271.90675682749185,1707.9335144699508,288.9695184726744,1982年02月13日
466.3122882890085,204.89377466428874,699.2585848015676,227.07536480302605,463.5632878017291,233.76318747994776,696.5095843142881,255.94477761868507,易动力科技有限公司
487.69236768080634,244.0969914353704,769.4180168818926,270.92344446640743,484.84857407327587,273.9619012446729,766.5742232743622,300.78835427570993,985065073642801
455.268382086742,289.22663976322593,825.5932637220923,324.4896804966032,452.99334720071766,313.1185676106679,823.3182288360679,348.3816083440452,山东省玉县璧山鞠街R座 147-2895654
454.2735620171297,331.3218928570024,896.2742271948058,373.41003824845274,451.52456152985025,360.19130567266143,893.5252267075264,402.27945106411175,EBA银行城北支行 831977504181908
1153.821538415604,274.37780873231327,1717.2728368177766,328.03071479438734,1150.8829516878225,305.23821553525914,1714.334250089995,358.8911215973332,2-4-+*60**--/-3220957*-1072
1150.6933654473205,307.22920952254594,1714.144663849493,360.88211558462,1147.754778719539,338.0896163254918,1711.2060771217116,391.7425223875659,1*6>/1<8/-252-85-11>0>36><3
1147.565192479037,340.0806103127786,1711.0164908812096,393.7335163748527,1144.6266057512555,370.9410171157245,1708.077904153428,424.59392317779856,48242>2290456024+>/9999104*
1144.4370195107535,372.93201110301135,1707.8883179129261,426.5849171650854,1141.498432782972,403.79241790595717,1704.9497311851446,457.4453239680313,/<7-95*>/65/<///445562<70<3
196.72557387230052,388.1640761591144,507.32063588904583,417.7395296774308,193.97657338502108,417.03348897477343,504.5716354017664,446.6089424930899,论坛的话今天如果拥有信息
605.8748382597439,427.12404858228126,675.5596278147829,433.75956699985227,603.1258377724644,455.9934613979403,672.8106273275034,462.6289798155113,之后#
812.9382129375741,446.84101759449226,838.8211347723029,449.3056387210186,810.1892124502947,475.7104304101513,836.0721342850235,478.17505153667764,际
989.1411808124585,463.61939987892174,1020.9970846090478,466.65277972695424,986.3921803251791,492.4888126945808,1018.2480841217683,495.52219254261325,20
1115.569299005172,475.65812615080057,1179.2811065983506,481.7248858468655,1112.8202985178928,504.5275389664596,1176.5321061110712,510.5942986625245,78.18
1299.7362428292038,493.1948533972382,1418.2003850727701,504.47523470710894,1296.9872423419245,522.0642662128972,1415.4513845854908,533.3446475227679,1563.60
1461.006755799437,508.55133887790254,1501.8221325388172,512.4378568081942,1458.2577553121575,537.4207516935616,1499.0731320515376,541.3072696238531,7%
1657.1196635471897,527.2255835673524,1734.7684290513762,534.6194469469315,1654.3706630599104,556.0949963830113,1732.0194285640966,563.4888597625904,109.45
193.88178026477,418.0289859684168,556.2426859509729,452.53368173978606,191.13277977749067,446.8983987840759,553.4936854636935,481.403094555445,不会北京中心进行可能以下地址
603.0310446522135,456.9889583915837,672.7158342072524,463.6244768091547,600.282044164934,485.8583712072427,669.966833719973,492.49388962481373,积分~
810.0944193300437,476.7059274037947,835.9773411647725,479.17054853032107,807.3454188427643,505.5753402194537,833.2283406774931,508.0399613459801,们
962.405459357486,491.20927480219984,1018.1532910015173,496.5176895362567,959.6564588702067,520.0786876178589,1015.4042905142379,525.3871023519157,1757
1125.666966315006,506.7553465233662,1176.4373129908204,511.58979565616795,1122.9179658277267,535.6247593390252,1173.6883125035408,540.459208471827,8.98
1271.0095273869447,520.5951420800143,1415.3565914652397,534.3401445164113,1268.2605268996651,549.4645548956734,1412.6075909779604,563.2095573320704,15777.86
1458.1629621919064,538.416248687205,1498.9783389312865,542.3027666174966,1455.4139617046271,567.285661502864,1496.2293384440072,571.1721794331556,7%
1641.334409022295,555.8581828133916,1731.9246354438455,564.4843567562339,1638.5854085350156,584.7275956290506,1729.1756349565662,593.3537695718929,1104.45
191.03798665723957,447.8938957777193,449.8672050045274,472.540107042983,188.28898616996014,476.76330859337827,447.118204517248,501.409519858642,学习行业介绍以及大家
600.1872510446831,486.85386820088615,669.872040599722,493.48938661845716,597.4382505574035,515.7232810165451,667.1230401124426,522.3587994341161,事情g
807.2506257225132,506.5708372130971,833.1335475572421,509.03545833962346,804.5016252352339,535.4402500287562,830.3845470699627,537.9048711552825,价
959.5616657499556,521.0741846115023,1015.3094973939869,526.3825993455591,956.8126652626763,549.9435974271613,1012.5604969067075,555.2520121612181,1757
1122.8231727074756,536.6202563326686,1173.5935193832897,541.4547054654704,1120.0741722201963,565.4896691483277,1170.8445188960104,570.3241182811294,8.98
1268.1657337794143,550.4600518893167,1412.5127978577093,564.2050543257138,1265.4167332921347,579.3294647049757,1409.76379737043,593.0744671413728,15777.86
1455.3191685843763,568.2811584965074,1496.1345453237561,572.167676426799,1452.5701680970967,597.1505713121664,1493.3855448364766,601.037089242458,7%
1638.4906154147643,585.723092622694,1729.0808418363151,594.3492665655364,1635.741614927485,614.5925054383531,1726.3318413490356,623.2186793811953,1104.45
188.19419304970916,477.7588055870217,498.78925506645453,507.33425910533816,185.44519256242972,506.6282184026807,496.04025457917515,536.2036719209972,一下电影只有觉得必须次数
597.3434574371526,516.7187780101885,667.0282469921915,523.3542964277596,594.5944569498731,545.5881908258476,664.2792465049122,552.2237092434186,阅读~
804.4068321149828,536.4357470223996,830.2897539497117,538.900368148926,801.6578316277034,565.3051598380586,827.5407534624321,567.7697809645849,功
980.6097999898672,553.2141293068291,1012.4657037864565,556.2475091548615,977.8607995025878,582.0835421224881,1009.7167032991771,585.1169219705206,92
1119.9793790999452,566.485166141971,1170.7497257757593,571.3196152747728,1117.2303786126658,595.3545789576301,1168.00072528848,600.1890280904319,8.98
1291.2048620066125,582.7895828251455,1409.669004250179,594.0699641350162,1288.4558615193332,611.6589956408045,1406.9200037628996,622.9393769506753,826.16
1452.4753749768456,598.1460683058099,1493.2907517162257,602.0325862361015,1449.7263744895663,627.0154811214688,1490.5417512289464,630.9019990517604,7%
1661.5297436419628,618.0526235585229,1726.2370482287847,624.2141763748388,1658.7807431546835,646.9220363741819,1723.4880477415054,653.0835891904978,57.83
1197.0145277876165,738.5624332828354,1378.194980630718,755.81478116852,1194.1707341800861,768.4273430921378,1375.3511870231875,785.6796909778225,￥33945.48
1522.542044709013,769.5597836049171,1684.8080546728897,785.0110622058323,1519.6982511014826,799.4246934142195,1681.964261065359,814.8759720151348,￥2376.18
1385.8755926051588,822.8446864324995,1567.0560454482602,840.0970343181841,1383.0317989976284,852.709596241802,1564.2122518407298,869.9619441274865,￥36321.66
633.5642447714904,748.1945965418025,995.9251504576933,782.6992923131718,631.194416765215,773.0820213828879,993.555322451418,807.586717154257,叁万陆仟叁佰贰拾壹圆陆角陆分
410.6687267016631,789.250509932973,679.4529149853851,814.844652400747,407.8249330941327,819.1154197422755,676.6091213778546,844.7095622100494,凌颖信息传媒有限公司
441.4822446375067,824.3293798180969,799.8611623491361,858.4549031084621,438.6384510299763,854.1942896273993,797.0173687416057,888.3198129177645,010089244487866849
387.63129078454244,862.396094532213,969.0015350722965,917.7552767588054,384.787497177012,892.2610043415154,966.1577414647661,947.6201865681078,澳门特别行政区北镇市清浦贵阳路z座 876-0686277
384.3135315757569,897.2384893097325,835.2736696962237,940.1797727834419,381.46973796822647,927.103399119035,832.4298760886933,970.0446825927444,汉口银行上海分行 888124745117750
265.5656868954686,931.1346451948195,319.32252455221294,936.2534736883742,262.7218932879382,960.9995550041219,316.4787309446825,966.1183834976766,陈波
680.6879332447725,970.6633763394925,761.323189729889,978.3416190798246,677.844139637242,1000.5282861487949,758.4793961223586,1008.206528889127,厉红梅
1055.9902998483399,1006.4003826741248,1136.6255563334564,1014.078625414457,1053.1465062408095,1036.2652924834274,1133.781762725926,1043.9435352237595,陈丽丽
326.13237351619614,105.22916452199951,605.9287175838151,94.55181249097109,327.9627767215152,153.1942520764485,607.7591207891344,142.51690004542007,0864162436
1582.2865663940474,85.31324838957687,1717.1883751409355,80.16523937461676,1583.1636345965962,108.29651950941701,1718.0654433434843,103.1485104944569,0864162436
1347.6178297636707,72.25246555305199,1572.4541776751503,63.672450528118475,1349.410099568879,119.2182804501166,1574.2464474803587,110.63826542518308,14864103
1568.6702789372716,121.8590650570759,1690.5815431381627,117.20679024355638,1569.7380141403744,149.83869946383783,1691.6492783412655,145.18642465031832,14864103
1485.4481060645883,170.06767364879119,1665.317184393772,163.20366162884437,1486.515841267691,198.04730805555306,1666.3849195968749,191.18329603560625,2013年09月05日
424.5862694145061,272.59651612452893,658.416071242445,263.6733004985981,425.6921380177198,301.5754231886752,659.5219398456586,292.65220756274437,毕博诚信息有限公司
450.97902165321517,308.6162694449797,733.7731836929873,297.8245172136189,452.1230236565396,338.59444916651034,734.9171856963119,327.80269693514947,240696569294634
424.8297904517724,357.6490922025315,901.4828480241092,339.45946034967244,425.74499205443203,381.631635979756,902.3980496267689,363.4420041268969,广西壮族自治区北京市友好李街W座 146-4918175
429.4292112285797,399.5041436123419,889.0946336253826,381.9627795613667,430.5350798317934,428.48305067648823,890.2005022285962,410.941686625513,汉口银行城北支行 830031171940522093
1115.236209267538,250.24342727749274,1680.8245333470825,228.6599228147711,1116.4183446709733,281.22087965640776,1682.0066687505177,259.6373751936861,3074*<871-3755082160<7</99>
1116.494611471195,283.21942497117647,1682.0829355507394,261.6359205084548,1117.6767468746302,314.1968773500914,1683.2650709541745,292.6133728873698,790<8*458>*255>><5573<*++88
1117.753013674852,316.19542266486013,1683.3413377543961,294.61191820213844,1118.9351490782872,347.1728750437751,1684.5234731578316,325.58937058105346,1709751<*+5-<77<>>63225*<76
1119.0114158785088,349.1714203585438,1684.5997399580533,327.5879158958221,1120.193551281944,380.14887273745876,1685.7818753614883,358.5653682747371,8297</-+9>-<80+7+6599/37*11
181.70057963408294,490.01671228828934,389.5492923700285,482.08496506523966,182.80644823729665,518.9956193524356,390.65516097324223,511.0638721293859,开始完成到了基本
592.4016418190524,474.3438848427441,662.3507278359572,471.67454683498704,593.507510422266,503.32279190689036,663.4565964391709,500.65345389913324,而且g
800.250354554998,466.4121376196945,826.2314436469912,465.4206692168132,801.3562231582117,495.39104468384073,827.337312250205,494.3995762809595,自
965.1303430234165,460.1201266014099,1009.098339948328,458.44225699653396,966.2362116266302,489.09903366555614,1010.2042085515417,487.4211640606802,160
1104.0292423998417,454.8195839860065,1167.9826924724402,452.37904637891427,1105.1351110030553,483.79849105015273,1169.088561075654,481.3579534430605,34.59
1288.8946840159472,447.7649049655056,1407.8081302446853,443.22703035231854,1290.0005526191608,476.74381202965185,1408.913998847899,472.2059374164648,5534.40
1450.7768545122126,441.58729414755345,1491.747033464971,440.02382474301,1451.8827231154262,470.5662012116997,1492.8529020681847,469.00273180715624,2%
1647.6335680169302,434.07501432572275,1725.57683529291,431.10060911707916,1648.7394366201438,463.053921389869,1726.6827038961237,460.0795161812254,110.69
182.84458163740737,519.99489200982,390.69329437335296,512.0631447867703,183.95045024062108,548.9737990739662,391.79916297656666,541.0420518509166,经营资源空间图片
593.5456438223769,504.3220645642747,663.4947298392817,501.6527265565176,594.6515124255906,533.3009716284209,664.6005984424953,530.6316336206639,也是*
801.3943565583226,496.39031734122506,827.3754456503157,495.39884893834386,802.5002251615362,525.3692244053714,828.4813142535294,524.3777560024901,济
966.2743450267409,490.09830632294046,1010.2423419516525,488.4204367180646,967.3802136299546,519.0772133870868,1011.3482105548661,517.3993437822108,160
1118.1637889491628,484.30202950609646,1169.126694475765,482.3572261004449,1119.2696575523764,513.2809365702427,1170.2325630789785,511.33613316459116,5.31
1303.0292305652683,477.2473504855956,1408.9521322480098,473.2052100738491,1304.135099168482,506.22625754974183,1410.0580008512234,502.1841171379954,849.60
1451.920856515537,471.56547386908403,1492.8910354682953,470.0020044645406,1453.0267251187506,500.54438093323034,1493.996904071509,498.9809115286869,2%
1661.7681145662514,463.5574598458128,1726.7208372962343,461.07878883860974,1662.873983169465,492.53636690995904,1727.826705899448,490.057695902756,16.99
183.98858364073192,549.9730717313506,443.7994745606639,540.0583877025385,185.0944522439455,578.9519787954969,444.9053431638776,569.0372947666848,需要看到科技销售到了
594.6896458257013,534.3002442858053,664.6387318426061,531.6309062780482,595.7955144289151,563.2791513499516,665.7446004458197,560.6098133421945,城市l
802.538358561647,526.3684970627556,828.5194476536402,525.3770286598744,803.6442271648607,555.3474041269019,829.6253162568538,554.3559357240207,这
967.4183470300654,520.076486044471,1011.386343954977,518.3986164395952,968.524215633279,549.0553931086174,1012.4922125581907,547.3775235037415,160
1106.3172464064905,514.7759434290678,1170.2706964790893,512.3354058219755,1107.4231150097044,543.754850493214,1171.376565082303,541.3143128861218,34.59
1291.182688022596,507.7212644085668,1410.0961342513342,503.18338979537975,1292.2885566258099,536.7001714727131,1411.202002854548,532.162296859526,5534.40
1453.0648585188615,501.54365359061467,1494.03503747162,499.98018418607126,1454.170727122075,530.5225606547609,1495.1409060748335,528.9590912502175,2%
1649.9215720235793,494.03137376878396,1727.8648392995588,491.0569685601404,1651.0274406267927,523.0102808329302,1728.9707079027726,520.0358756242866,110.69
185.13258564405635,579.9512514528811,341.0191201960156,574.002441035594,186.23845424727006,608.9301585170275,342.1249887992293,602.9813480997402,信息自己成功
595.8336478290258,564.278424007336,665.7827338459306,561.6090859995788,596.9395164322395,593.2573310714822,666.8886024491442,590.5879930637251,一样l
803.6823605649714,556.3466767842863,829.6634496569646,555.3552083814051,804.7882291681851,585.3255838484325,830.7693182601784,584.3341154455513,心
968.5623490333899,550.0546657660017,1012.5303459583015,548.3767961611259,969.6682176366036,579.0335728301479,1013.6362145615151,577.3557032252721,160
1120.4517929558117,544.2583889491577,1171.4146984824138,542.3135855435062,1121.5576615590253,573.237296013304,1172.5205670856274,571.2924926076524,5.31
1305.3172345719172,537.2037099286568,1411.2401362546586,533.1615695169104,1306.4231031751308,566.1826169928031,1412.3460048578722,562.1404765810566,849.60
1454.208860522186,531.5218333121453,1495.1790394749444,529.9583639076019,1455.3147291253995,560.5007403762916,1496.284908078158,558.9372709717481,2%
1664.0561185729002,523.5138192888741,1729.0088413028834,521.035148281671,1665.161987176114,552.4927263530203,1730.114709906097,550.0140553458173,16.99
1219.6380277107303,704.5926985498859,1401.5056513546829,697.6524197297175,1220.7820297140547,734.5708782714166,1402.6496533580073,727.6305994512481,￥12768.00
1546.4001866754143,692.1230767136492,1690.295449338761,686.6318670976917,1547.5441886787385,722.1012564351798,1691.4394513420855,716.6100468192224,￥255.36
1418.0122729653776,763.0705475155335,1599.87989660933,756.130268695365,1419.156274968702,793.048727237064,1601.0238986126546,786.1084484168956,￥13023.36
662.4477437824735,788.901580027157,1026.1829910703784,775.02102238682,663.401078785244,813.8833964617659,1027.1363260731487,800.0028388214289,壹万叁仟零佰贰拾叁圆叁角陆分
446.9705752795549,859.1695660091448,716.7741927733305,848.8735479792246,448.1145772828794,889.1477457306753,717.918194776655,878.8517277007552,浦华众城信息有限公司
482.16611443416906,889.8497554416763,781.9479116494753,878.4097354084316,483.31011643749355,919.827935163207,783.0919136527998,908.3879151299623,7609533130374J9
433.84221776971646,934.7251497147444,882.5156409352913,917.6032530649882,434.98621977304094,964.703329436275,883.6596429386159,947.5814327865187,陕西省梧州县高明宋路q座 714-3945198
435.176886773595,969.6996927231967,887.8474005687074,952.4252624729972,436.32088877691945,999.6778724447274,888.9914025720318,982.4034421945279,汉口银行城北支行 563869590613502
321.9765341793809,1019.0523033182365,375.937257678136,1016.9930997122524,323.12053618270545,1049.0304830397672,377.08125968146055,1046.971279433783,王梅
738.6732323086566,1003.1506754720264,792.6339558074117,1001.0914718660424,739.8172343119811,1033.128855193557,793.7779578107362,1031.069651587573,李荣
1115.3990241425581,988.7743836302488,1169.359747641313,986.7151800242648,1116.5430261458825,1018.7525633517794,1170.5037496446375,1016.6933597457954,叶飞
379.34970360795353,38.80408015991645,658.6148420130351,59.076782781685665,375.8743831585074,86.67810388650184,655.1395215635888,106.95080650827106,0864888125
1630.0260541914276,157.6681457609323,1764.6717459224492,167.4424845249996,1628.3607964760681,180.60778212992113,1763.0064882070897,190.38212089398849,0864888125
1398.23304373032,118.78369769519736,1622.6425299486891,135.0742623019762,1394.8301257902374,165.6603459274789,1619.2396120086064,181.95091053425773,36825413
1612.4589314397854,192.48762591541947,1734.1387417448564,201.32073205776175,1610.4316611776085,220.41413975592764,1732.1114714826795,229.2472458982699,36825413
1524.423901502601,231.21530986319897,1703.9514904772964,244.24776154862207,1522.396631240424,259.14182370370713,1701.9242202151195,272.17427538913023,2000年12月16日
458.7274199827569,216.0163205473154,692.1132856498607,232.95850773836537,456.6277472112165,244.94020988212742,690.0136128783204,261.8823970731774,泰麒麟传媒有限公司
480.98291449390535,254.72927657064486,763.2401793818984,275.21918672050447,478.81083921300154,284.6505413997607,761.0681041009946,305.1404515496203,399380973693089
449.5810802039511,300.5760300350533,841.549649465369,329.0302162148937,447.84341997922803,324.51304189834605,839.811989240646,352.9672280781864,天津市嘉禾县平山康街c座 535-6162790
449.5323012935973,342.68300832390594,892.3670207645122,374.82972248128283,447.4326285220569,371.6068976587179,890.2673479929718,403.75361181609486,EBA银行城北支行 913861423224128
1147.624276509272,270.0359564946828,1712.138806285258,311.01577679440203,1145.3797987190046,300.95459681810246,1709.8943284949908,341.93441711782174,<8338144<89-/<42>+5*9067<84
1145.2349937002778,302.9493478067102,1709.749523476264,343.9291681064295,1142.9905159100103,333.86798813012996,1707.5050456859967,374.84780842984924,062<<1230*354-76739<01+0077
1142.8457108912835,335.8627391187377,1707.3602406672696,376.842559418457,1140.6012331010163,366.78137944215746,1705.1157628770025,407.7611997418767,9109/-9-0/700/>0559*4*7526/
1140.4564280822892,368.7761304307652,1704.9709578582754,409.7559507304844,1138.211950292022,399.6947707541849,1702.7264800680082,440.6745910539041,64+4041/4867*1589270<7-0002
193.3264489648875,405.2973935122899,556.3711288914933,431.6519069205899,191.22677619334706,434.2212828471019,554.271456119953,460.57579625540194,以后一下是一不会结果出现其他
603.2477771237749,435.0548248606726,673.0640617250452,440.1230005161149,601.1481043522344,463.9787141954846,670.9643889535048,469.04688985092696,主题/
810.7018799389782,450.1145468082726,836.6336427908786,451.99701205172266,808.6022071674379,479.0384361430846,834.5339700193383,480.92090138653464,理
999.2058483624082,463.79862107796686,1019.1533582484856,465.2466712652361,997.1061755908679,492.7225104127789,1017.0536854769451,494.1705606000481,7
1126.8699116333028,473.0661422764899,1177.7360618427997,476.75867025402647,1124.7702388617622,501.99003161130196,1175.6363890712591,505.6825595888385,1.63
1311.3843780795173,486.46060650873034,1417.1061804757267,494.13527250125725,1309.2847053079768,515.3844958435424,1415.0065077041863,523.0591618360693,11.41
1459.9933267307927,497.2485804038861,1500.885721997251,500.217083287788,1457.8936539592523,526.172469738698,1498.7860492257107,529.1409726226,11%
1682.408061960554,513.3943399919381,1734.271587664355,517.159270478838,1680.3083891890137,542.31822932675,1732.1719148928146,546.08315981365,1.26
191.15437368398364,435.2186583414058,554.1990536105895,461.5731717497058,189.0547009124432,464.1425476762178,552.0993808390491,490.4970610845178,虽然深圳以及以及不会男人来自
601.075701842871,464.9760896897885,670.8919864441414,470.04426534523077,598.9760290713307,493.8999790246005,668.792313672601,498.9681546800428,现在g
808.5298046580745,480.0358116373885,834.4615675099749,481.9182768808385,806.430131886534,508.9597009722005,832.3618947384344,510.84216621565054,有
973.0967612182118,491.9822256823596,1016.9812829675817,495.16793609435194,970.9970884466713,520.9061150171717,1014.8816101960413,524.0918254291639,699
1098.7660735004984,501.1049418621558,1175.5639865618957,506.67993508314237,1096.666400728958,530.0288311969678,1173.4643137903554,535.6038244179543,343.55
1257.3487770948125,512.6169408509462,1414.9341051948227,524.0565373303731,1255.2491043232721,541.5408301857582,1412.8344324232824,552.9804266651852,240141.45
1457.821251449889,527.169845233002,1498.7136467163473,530.1383481169039,1455.7215786783486,556.093734567814,1496.6139739448067,559.0622374517159,11%
1628.3724609758492,539.5506743341539,1732.099512383451,547.0805353079539,1626.2727882043089,568.4745636689659,1729.9998396119106,576.0044246427659,26415.56
188.98229840307977,465.1399231705217,448.299926922084,483.96457560502165,186.88262563153933,494.06381250533366,446.2002541505436,512.8884649398337,帖子等级他们重要如此
598.9036265619673,494.89735451890436,668.7199111632376,499.96553017434667,596.8039537904268,523.8212438537164,666.6202383916972,528.8894195091586,程序g
806.3577293771706,509.95707646650436,832.289492229071,511.83954170995435,804.2580566056301,538.8809658013164,830.1898194575306,540.7634310447663,回
970.9246859373079,521.9034905114755,1014.8092076866778,525.0892009234678,968.8250131657675,550.8273798462875,1012.7095349151374,554.0130902582798,618
1096.5939982195946,531.0262066912717,1173.391911280992,536.6011999122583,1094.494325448054,559.9500960260837,1171.2922385094516,565.5250892470702,343.55
1268.1425832398588,543.479438301787,1412.762029913919,553.977802159489,1266.0429104683185,572.4033276365991,1410.6623571423786,582.901691494301,212313.90
1455.649176168985,557.0911100621179,1496.5415714354435,560.0596129460198,1453.5495033974446,586.0149993969299,1494.441898663903,588.9835022808318,11%
1626.2003856949455,569.4719391632698,1729.9274371025472,577.0018001370697,1624.100712923405,598.3958284980818,1727.8277643310066,605.9256894718818,23354.53
186.8102231221759,495.0611879996375,549.8549030487818,521.4157014079375,184.71055035063557,523.9850773344496,547.7552302772415,550.3395907427496,以上原因使用其中如此积分情况
596.7315512810633,524.8186193480202,666.5478358823336,529.8867950034626,594.631878509523,553.7425086828323,664.4481631107933,558.8106843382745,免费g
804.1856540962667,539.8783412956202,830.1174169481671,541.7608065390702,802.0859813247264,568.8022306304323,828.0177441766268,570.6846958738822,电
980.7211165880503,552.6935854529529,1012.637132405774,555.0104657525837,978.62144381651,581.617474787765,1010.5374596342336,583.9343550873957,44
1094.4219229386906,560.9474715203876,1171.219836000088,566.522464741374,1092.3222501671503,589.8713608551996,1169.1201632285477,595.4463540761861,343.55
1278.9363893849052,574.3419357526279,1410.5899546330152,583.8990669886049,1276.8367166133648,603.2658250874399,1408.4902818614746,612.8229563234169,15116.20
1453.4771008880812,587.0123748912337,1494.3694961545395,589.9808777751356,1451.3774281165408,615.9362642260458,1492.2698233829992,618.9047671099477,11%
1636.9941918399918,600.3344366141106,1727.7553618216434,606.9230649661856,1634.8945190684515,629.2583259489227,1725.6556890501029,635.8469543009976,1662.78
1201.2355952252426,733.1329512004729,1401.708069580319,747.6858555825287,1199.0635199443389,763.0542160295888,1399.535994299415,777.6071204116446,￥467582.96
1527.3773818626055,756.8085717623248,1708.8997218259087,769.9858284664749,1525.2053065817017,786.7298365914407,1706.7276465450047,799.9070932955907,￥51434.13
1391.942626490811,813.1506256597663,1592.4151008458875,827.7035300418221,1389.7705512099074,843.0718904888822,1590.2430255649838,857.6247948709379,￥519017.09
638.1439603251815,755.4222020980778,1053.0521659555884,785.5416459932778,636.333897591095,780.3565894556743,1051.2421032215018,810.4760333508743,伍拾壹万玖仟零佰壹拾柒圆零角玖分
416.22714698640493,801.4757357036826,685.5185304484478,821.0244132318172,414.05507170550106,831.3970005327985,683.346455167544,850.9456780609331,恒聪百汇信息有限公司
447.8210334931055,835.8534368397638,747.0336817842642,857.5741896488023,445.64895821220165,865.7747016688797,744.8616065033605,887.4954544779182,5242F2560398549
394.83895087528356,875.1204576266568,815.7314094715135,905.6743165780376,392.6668755943797,905.0417224557727,813.5593341906097,935.5955814071535,山东省飞市蓟州王街D座 794-2182656
392.30486304756243,910.0285999272921,886.0057327279743,945.8678420622056,390.13278776665857,939.949864756408,883.8336574470704,975.7891068913215,招商银行城北支行 314734311075945957
274.3485682812625,946.5842085941679,328.2068449736711,950.4939440997948,272.1764930003586,976.5054734232838,326.0347696927672,980.4152089289107,余玉
690.2541494059731,976.7760549987313,771.0415644445859,982.6406582571717,688.0820741250693,1006.6973198278472,768.8694891636821,1012.5619230862876,廖桂兰
1066.2647107585292,1004.0718010287562,1147.052125797142,1009.9364042871966,1064.0926354776254,1033.9930658578721,1144.8800505162383,1039.8576691163125,史成
304.88750382573676,137.7111853346069,583.8087561904018,113.15645097793242,309.09688685830963,185.52625716854948,588.0181392229746,160.971522811875,6571370414
1558.5040235829015,55.45778788541918,1692.983913115865,43.61889810630822,1560.5210196193427,78.36917647251664,1695.0009091523061,66.53028669340569,6571370414
1323.4762478358357,54.0632889119878,1547.6093970574416,34.33180594680289,1327.5979353885632,100.88221341605652,1551.731084610169,81.1507304508716,51793951
1546.718850909224,92.63452395855506,1668.2488251538282,81.9356754174326,1549.1743243448914,120.5266491950216,1670.7042985894955,109.82780065389909,51793951
1465.9926244629878,144.91526958972383,1645.2991438402723,129.13008321757593,1468.4480978986553,172.80739482619032,1647.7546172759398,157.0222084540424,1981年03月08日
411.52898522766725,299.9843945972629,722.3269521482939,272.62340488553986,414.07215414318,328.8726671636032,724.8701210638067,301.51167745188013,惠派国际公司传媒有限公司
439.6774012287872,334.649458806462,721.5870955830736,309.83163801025165,442.3082656241452,364.5338787026761,724.2179599784316,339.7160579064657,056760481979201
415.9946590248934,384.920004076072,849.318747519998,346.7724703433812,418.0993505411798,408.8275399930433,851.4234390362844,370.68000626035246,黑龙江省兴安盟市南长任路A座 040-2860227
422.66631116801614,426.49510549123596,906.7939134866846,383.8751022864366,425.2094800835288,455.38337805757624,909.3370824021973,412.7633748527769,EBA银行上海分行 394098049708238216
1100.2175720898465,243.3714073436792,1664.0369607984194,193.73576575125855,1102.9361319650498,274.25197456976707,1666.7555206736229,224.61633297734642,891<84-926+576754><04118979
1103.1115229247403,276.2442692295147,1666.9309116333134,226.60862763709406,1105.8300827999437,307.1248364556026,1669.6494715085164,257.489194863182,664/635239057+-037-469<>8-2
1106.0054737596342,309.1171311153502,1669.824862468207,259.48148952292956,1108.7240336348375,339.99769834143814,1672.5434223434104,290.3620567490175,9>6>2+7>7222165837/76-854/7
1108.899424594528,341.9899930011858,1672.718813303101,292.35435140876507,1111.6179844697313,372.87056022727364,1675.437373178304,323.234918634853,<5*>>3-81+->00739136<215--0
179.73666523715792,529.1946046521758,386.935309850909,510.9539448443605,182.27983415267067,558.0828772185162,389.47847876642174,539.8422174107008,女人标题科技不要
589.1532178152911,493.15176243577145,658.8835309064575,487.0130788466028,591.6963867308039,522.0400350021117,661.4266998219701,515.9013514129431,正在+
796.3518624290423,474.9111026279561,822.2516930057612,472.63102015197916,798.895031344555,503.7993751942964,824.7948619212739,501.5192927183195,一
960.7161718582199,460.4413484534872,1004.5466543726673,456.58274734029544,963.2593407737327,489.32962101982747,1007.08982328818,485.4710199066358,835
1086.2307354223192,449.3917179929836,1162.9340798226021,442.63916604489816,1088.773904337832,478.27999055932395,1165.4772487381147,471.52743861123844,444.33
1244.618160872254,435.4481366975863,1402.009438992315,421.59225088203425,1247.1613297877666,464.3364092639266,1404.5526079078277,450.4805234483746,371015.55
1444.8437741768885,417.8213452486878,1485.6858147017144,414.22583057503186,1447.3869430924012,446.7096178150281,1488.2289836172272,443.1141031413722,1%
1628.1348828736682,401.68537695715884,1718.7842898921845,393.70508829123963,1630.6780517891812,430.57364952349917,1721.3274588076972,422.5933608575799,3710.16
182.36752963251593,559.07902454839,337.7665130928293,545.3985296925284,184.91069854802868,587.9672971147303,340.30968200834207,574.2868022588688,谢谢进入政府
591.7840822106491,523.0361823319855,661.5143953018155,516.8974987428169,594.3272511261619,551.9244548983258,664.0575642173281,545.7857713091572,来源g
798.9827268244003,504.7955225241702,824.8825574011191,502.5154400481933,801.525895739913,533.6837950905104,827.4257263166319,531.4037126145336,由
963.3470362535779,490.32576834970126,1007.1775187680253,486.46716723650957,965.8902051690907,519.2140409160415,1009.720687683538,515.3554398028499,835
1127.7113456827556,475.85601417523236,1165.5649442179601,472.52358594111223,1130.254514598268,504.74428674157264,1168.1081131334727,501.41185850745256,8.0
1286.0987711326902,461.912432879835,1404.640303387673,451.4766707782484,1288.641940048203,490.80070544617536,1407.1834723031857,480.36494334458865,6680.00
1447.4746385722465,447.70576514490193,1488.3166790970724,444.110250471246,1450.0178074877592,476.5940377112422,1490.8598480125852,472.9985230375863,1%
1669.6154931341048,428.1496731394076,1721.4151542875425,423.5895081874537,1672.1586620496173,457.03794570574786,1723.9583232030552,452.47778075379404,66.80
184.99839402787393,588.9634444446041,547.5960221019384,557.0422897809271,187.54156294338657,617.8517170109444,550.1391910174511,585.9305623472675,开发环境我的组织所以建设介绍
594.4149466060071,552.9206022281996,664.1452596971734,546.781918639031,596.9581155215199,581.80887479454,666.6884286126862,575.6701912053713,决定~
801.6135912197583,534.6799424203844,827.5134217964771,532.3998599444074,804.156760135271,563.5682149867246,830.0565907119899,561.2881325107477,验
989.8854365659072,518.105496729629,1009.8083831633833,516.3515871327237,992.4286054814199,546.9937692959693,1012.351552078896,545.239859699064,3
1091.4924642130352,509.1605577854118,1168.1958086133181,502.40800583732636,1094.035633128548,538.0488303517521,1170.7389775288307,531.2962784036666,444.33
1275.7797202396887,492.9368940140376,1407.271167783031,481.3610906744625,1278.3228891552017,521.8251665803779,1409.8143366985437,510.2493632408028,1332.99
1450.1055029676045,477.590185041116,1490.9475434924304,473.9946703674601,1452.6486718831172,506.47845760745633,1493.4907124079432,502.8829429338004,1%
1659.2964422411033,459.1741342736101,1724.0460186829005,453.47392808366783,1661.8396111566158,488.0624068399504,1726.589187598413,482.36220065000816,13.33
187.62925842323182,618.8478643408182,550.2268864972964,586.9267096771413,190.17242733874457,647.7361369071584,552.770055412809,615.8149822434816,出来次数加入更新很多认为上海
597.0458110013651,582.8050221244138,666.7761240925314,576.6663385352451,599.5889799168779,611.6932946907541,669.319293008044,605.5546111015855,都是-
804.2444556151163,564.5643623165984,830.1442861918351,562.2842798406215,806.787624530629,593.4526348829387,832.6874551073479,591.1725524069618,安
992.5163009612652,547.9899166258431,1012.4392475587413,546.2360070289378,995.0594698767778,576.8781891921834,1014.9824164742539,575.124279595278,2
1094.1233286083932,539.0449776816259,1170.826673008676,532.2924257335404,1096.666497523906,567.9332502479663,1173.3698419241887,561.1806982998808,444.33
1291.3604999234062,521.6812726722633,1409.902032178389,511.2455105706766,1293.903668838919,550.5695452386036,1412.4452010939017,540.1337831370168,888.66
1452.7363673629625,507.4746049373301,1493.5784078877882,503.87909026367424,1455.279536278475,536.3628775036705,1496.1215768033012,532.7673628300146,1%
1674.8772219248206,487.9185129318358,1726.6768830782585,483.35834797988196,1677.4203908403333,516.806785498176,1729.220051993771,512.2466205462223,8.89
1227.0469195579994,691.9773776793431,1427.2725328626339,674.3505862304446,1229.6777839533574,721.8617975755571,1429.9033972579919,704.2350061266586,￥379917.20
1552.7870964267331,663.3009557699411,1715.1591111961632,649.0065925551627,1555.4179608220911,693.1853756661551,1717.7899755915212,678.8910124513768,￥3799.17
1428.0796978830526,740.534787401342,1628.305311187687,722.9079959524435,1430.7105622784106,770.4192072975561,1630.936175583045,752.7924158486576,￥383716.37
674.7292300589211,803.8441281747417,1089.1265192864234,767.362808559111,676.9216170550528,828.7478114215869,1091.3189062825552,792.2664918059561,叁拾捌万叁仟柒佰壹拾陆圆叁角柒分
463.00623189683853,884.7228772331856,678.17405514958,865.7806535866081,465.63709629219653,914.6072971293997,680.804919544938,895.6650734828222,太极网络有限公司
499.6814964675963,913.6179454744083,858.2945352221656,882.0475727301125,502.3123608629543,943.5023653706223,860.9253996175236,911.9319926263265,28T65171T326711066
453.64503560725257,960.8370546512451,1008.4990983469612,911.9906723774318,456.27590000261057,990.7214745474593,1011.1299627423192,941.875092273646,澳门特别行政区台北县永川李路T座 851-3474055
456.7143774018369,995.7022111968283,907.9691178346699,955.9761588269228,459.3452417971949,1025.5866310930423,910.5999822300279,985.8605787231368,汉口银行上海分行 875083234529607
346.1037310593864,1050.613821223355,399.8956868725718,1045.8782653117105,348.7345954547444,1080.4982411195692,402.5265512679298,1075.7626852079247,王明
761.4971676167626,1014.044806127879,815.289123429948,1009.3092502162347,764.1280320121206,1043.9292260240932,817.919987825306,1039.1936701124487,张荣
1137.0447109791864,980.9836102262136,1190.836666792372,976.2480543145693,1139.6755753745445,1010.8680301224279,1193.46753118773,1006.1324742107834,张桂兰
377.0780987848418,43.34832698371588,656.464386483919,61.876744232053454,373.9017986851269,91.24311916070053,653.288086384204,109.7715364090381,7546656089
1628.47231902444,154.40014169616632,1763.1764220222092,163.33348572661475,1626.9503418933264,177.34972961430475,1761.6544448910959,186.2830736447532,7546656089
1396.4410113740091,116.963898962271,1620.9478497036248,131.85280567968505,1393.3308841930382,163.86088296890182,1617.8377225226536,178.74978968631586,13253767
1611.1229713943458,189.3286420477438,1732.8555681775151,197.40173813451946,1609.2701296695122,217.26727081765154,1731.0027264526816,225.34036690442719,13253767
1523.331495570786,228.60531162042156,1702.9369662344786,240.51643699435283,1521.4786538459525,256.5439403903293,1701.0841245096449,268.45506576426055,1997年04月25日
457.5608813521611,220.06143263867745,691.0479932149613,235.5458956247881,455.6418667085833,248.997869578939,689.1289785713835,264.48233256504966,毕博诚传媒有限公司
480.057687617477,258.6346579103714,762.4373998276156,277.36159391494107,478.0725000551551,288.5689030209868,760.4522122652937,307.2958390255565,876558536121120
448.9427587478542,304.6766083625223,862.0353412743468,332.0721967225642,447.3546086979967,328.62400445101457,860.4471912244894,356.01959281105655,青海省宇市沈北新杭州路r座 444-8510939
449.15692067166515,346.78307027361603,985.9777163220348,382.3841005579217,447.23790602808737,375.7195072138776,984.0587016784569,411.3205374981833,EBA银行龙阳大道支行 879587954627751754
1146.781635391693,269.77815217224014,1711.5410598119706,307.2320241813796,1144.730274910627,300.7102054532094,1709.4896993309044,338.16407746234887,+/40<+34-0>0/852803>9004121
1144.597929073139,302.7058217939171,1709.3573534934164,340.15969380305654,1142.546568592073,333.6378750748863,1707.3059930123504,371.09174708402577,3*<-8922*<<40-085187<<+2--0
1142.414222754585,335.63349141559405,1707.1736471748623,373.0873634247335,1140.362862273519,366.5655446965633,1705.1222866937965,404.0194167057027,191>14/1585>33*<6*+65+0/68+
1140.230516436031,368.561161037271,1704.9899408563083,406.01503304641045,1138.179155954965,399.49321431824023,1702.9385803752425,436.9470863273797,80689+4*407787<9*/1**344<>8
193.34706349458042,410.9961294675179,504.6632126449808,431.64208011566546,191.4280488510027,439.9325664077795,502.74419800140294,460.578517055927,建设电影特别支持大家重要
603.4462215100116,438.1931990713277,673.2927934347808,442.82530338341206,601.5272068664337,467.12963601158924,671.373778791203,471.7617403236736,市场g
810.9903209436118,451.9571661700927,836.9333333728118,453.67766205743834,809.0713063000339,480.89360311035426,835.014318729234,482.6140989976999,一
975.6286690519966,462.875697762863,1019.5322285475658,465.78730618760176,973.7096544084187,491.81213470312457,1017.6132139039879,494.7237431278634,237
1101.3524985165811,471.21348552461495,1178.1837276338274,476.3088002679077,1099.4334838730033,500.14992246487645,1176.2647129902496,505.2452372081693,230.53
1272.975503817443,482.5952275485937,1417.6576885187508,492.1903007664828,1271.056489173865,511.53166448885526,1415.738673875173,521.1267377067443,54635.61
1460.563439843966,495.0357362724775,1501.4735748284738,497.74882594098403,1458.6444252003885,523.972173212739,1499.5545601848962,526.6852628812455,2%
1644.160143189074,507.211553321385,1734.960686691274,513.2332889270947,1642.2411285454962,536.1479902616466,1733.0416720476962,542.1697258673562,1092.71
191.3618759322586,440.93037457813335,554.5640499410589,465.0173170009721,189.44286128868077,469.8668115183949,552.6450352974811,493.9537539412337,电脑操作销售详细她的来源注册
601.4610339476897,468.1274441819431,671.307605872459,472.75954849402746,599.5420193041118,497.06388112220463,669.3885912288812,501.695985434289,合作h
809.0051333812899,481.8914112807081,834.9481458104899,483.61190716805373,807.086118737712,510.82784822096966,833.0291311669121,512.5483441083153,司
973.6434814896746,492.80994287347846,1017.5470409852439,495.7215512982172,971.7244668460968,521.74637981374,1015.6280263416661,524.6579882384788,289
1125.3103233834593,502.868226522576,1176.1985400715055,506.24304537852316,1123.3913087398814,531.8046634628375,1174.2795254279276,535.1794823187847,5.55
1283.961822469721,513.3897206028819,1415.6725009564288,522.1245458770982,1282.0428078261432,542.3261575431435,1413.753486312851,551.0609828173598,1603.95
1458.5782522816444,524.9699813830929,1499.4883872661521,527.6830710515994,1456.6592376380663,553.9064183233544,1497.569372622574,556.619507991861,2%
1668.1179680559521,538.866294319346,1732.9754991289522,543.1675340377101,1666.1989534123743,567.8027312596075,1731.0564844853743,572.1039709779717,32.08
189.3766883699367,470.86461968874875,396.9207878035369,484.62858678751377,187.45767372635885,499.8010566290103,395.00177315995904,513.5650237277753,位置帖子就是这样
599.4758463853677,498.06168929255847,669.3224183101371,502.69379360464285,597.55683174179,526.99812623282,667.4034036665594,531.6302305449044,支持-
807.0199458189679,511.8256563913235,832.962958248168,513.5461522786692,805.1009311753902,540.7620933315851,831.0439436045901,542.4825892189307,希
971.6582939273527,522.7441879840939,1015.561853422922,525.6557964088325,969.739279283775,551.6806249243554,1013.6428387793442,554.5922333490942,289
1110.3536296065374,531.9422236895185,1174.2133525091836,536.1772904891385,1108.4346149629596,560.8786606297801,1172.294337865606,565.1137274294001,51.87
1269.0051286927992,542.4637177698245,1413.687313394107,552.0587909877136,1267.0861140492214,571.4001547100861,1411.768298750529,580.9952279279752,14990.43
1456.5930647193222,554.9042264937083,1497.50319970383,557.6173161622148,1454.6740500757446,583.8406634339699,1495.5841850602524,586.5537531024764,2%
1653.1612742790303,567.9402914862886,1730.9903115666302,573.1017791483255,1651.2422596354522,596.8767284265501,1729.0712969230524,602.0382160885871,299.81
187.39150080761488,500.79886479936414,343.04957538281496,511.1218401234379,185.47248616403704,529.7353017396257,341.1305607392371,540.0582770636995,开始如此的人
597.4906588230459,527.9959344031739,667.3372307478153,532.6280387152583,595.5716441794682,556.9323713434354,665.4182161042374,561.5644756555198,系统h
805.0347582566461,541.7599015019389,830.9777706858462,543.4803973892846,803.1157436130683,570.6963384422005,829.0587560422683,572.4168343295461,现
981.646804409277,553.472508119638,1013.5766658606001,555.590041519448,979.7277897656992,582.4089450598996,1011.6576512170224,584.5264784597096,53
1121.3399482588156,562.7367167438068,1172.2281649468619,566.111535599754,1119.4209336152378,591.6731536840683,1170.309150303284,595.0479725400155,5.55
1292.9629535596773,574.1184587677856,1411.702125831785,581.993036098329,1291.0439389160995,603.0548957080471,1409.7831111882074,610.9294730385906,294.15
1454.6078771570005,584.8384716043237,1495.5180121415083,587.5515612728302,1452.6888625134227,613.7749085445853,1493.5989974979304,616.4879982130918,2%
1677.1190991459084,599.5950324842497,1729.0051240043085,603.0360242589409,1675.2000845023306,628.5314694245112,1727.0861093607305,631.9724611992025,5.88
1203.283749427697,732.5313381250355,1384.8848364320972,744.5748093364549,1201.2985618653752,762.4655832356509,1382.8996488697753,774.5090544470703,￥71524.14
1529.567021133405,754.169882554344,1692.209752901082,764.9560683096262,1527.5818335710833,784.1041276649594,1690.2245653387602,794.8903134202416,￥1430.48
1394.486738179943,811.3565694422257,1576.0878251843433,823.4000406536451,1392.501550617621,841.2908145528411,1574.1026376220211,853.3342857642605,￥72954.62
640.3422801486668,758.3364183606527,1003.5444541574672,782.4233607834916,638.6879571800653,783.281622619499,1001.8901311888656,807.3685650423378,柒万贰仟玖佰伍拾肆圆陆角贰分
418.7173780493963,805.7748286363856,634.2439428458273,820.0681790851031,416.7321904870745,835.709073747001,632.2587552835055,850.0024241957185,恩悌传媒有限公司
450.52532244161716,839.9545693250069,809.7362637690021,863.7768200728694,448.54013487929524,869.8888144356223,807.7510762066802,893.7110651834848,547812894077511403
397.78947841793,879.5516747130191,980.5094499045767,918.1966592595518,395.8042908556082,909.4859198236345,978.5242623422548,948.1309043701672,澳门特别行政区冬梅县城东梧州路L座 988-5499235
395.4734262618879,914.4749606754037,874.4213480317344,946.2379616725539,393.48823869956595,944.4092057860191,872.4361604694126,976.1722067831693,EBA银行上海分行 055270959203358
277.74770532771277,951.7664426857597,331.6293465268204,955.3397802979391,275.76251776539084,981.7006877963752,329.6441589644985,985.2740254085545,邓建
693.8337123652668,979.3605498020338,747.7153535643746,982.9338874142131,691.848524802945,1009.2947949126492,745.7301660020528,1012.8681325248286,张辉
1070.0073925886672,1004.3077401685455,1123.889033787775,1007.8810777807248,1068.0222050263453,1034.2419852791609,1121.903846225453,1037.8153228913402,王英
